{
  "prediction": [
    [
      [
        0.9523696716146364,
        0.009526065677072721,
        0.009526065677072721,
        0.009526065677072721,
        0.009526065677072721,
        0.009526065677072721
      ],
      [
        0.9523696716146364,
        0.009526065677072721,
        0.009526065677072721,
        0.009526065677072721,
        0.009526065677072721,
        0.009526065677072721
      ],
      [
        0.9523696716146364,
        0.009526065677072721,
        0.009526065677072721,
        0.009526065677072721,
        0.009526065677072721,
        0.009526065677072721
      ],
      [
        0.9523696716146364,
        0.009526065677072721,
        0.009526065677072721,
        0.009526065677072721,
        0.009526065677072721,
        0.009526065677072721
      ],
      [
        0.9523696716146364,
        0.009526065677072721,
        0.009526065677072721,
        0.009526065677072721,
        0.009526065677072721,
        0.009526065677072721
      ],
      [
        0.9523696716146364,
        0.009526065677072721,
        0.009526065677072721,
        0.009526065677072721,
        0.009526065677072721,
        0.009526065677072721
      ],
      [
        0.9523696716146364,
        0.009526065677072721,
        0.009526065677072721,
        0.009526065677072721,
        0.009526065677072721,
        0.009526065677072721
      ],
      [
        0.9523696716146364,
        0.009526065677072721,
        0.009526065677072721,
        0.009526065677072721,
        0.009526065677072721,
        0.009526065677072721
      ],
      [
        0.9523696716146364,
        0.009526065677072721,
        0.009526065677072721,
        0.009526065677072721,
        0.009526065677072721,
        0.009526065677072721
      ],
      [
        0.9523696716146364,
        0.009526065677072721,
        0.009526065677072721,
        0.009526065677072721,
        0.009526065677072721,
        0.009526065677072721
      ],
      [
        0.9523696716146364,
        0.009526065677072721,
        0.009526065677072721,
        0.009526065677072721,
        0.009526065677072721,
        0.009526065677072721
      ],
      [
        0.9523696716146364,
        0.009526065677072721,
        0.009526065677072721,
        0.009526065677072721,
        0.009526065677072721,
        0.009526065677072721
      ],
      [
        0.9523696716146364,
        0.009526065677072721,
        0.009526065677072721,
        0.009526065677072721,
        0.009526065677072721,
        0.009526065677072721
      ],
      [
        0.9523696716146364,
        0.009526065677072721,
        0.009526065677072721,
        0.009526065677072721,
        0.009526065677072721,
        0.009526065677072721
      ],
      [
        0.9523696716146364,
        0.009526065677072721,
        0.009526065677072721,
        0.009526065677072721,
        0.009526065677072721,
        0.009526065677072721
      ],
      [
        0.9523696716146364,
        0.009526065677072721,
        0.009526065677072721,
        0.009526065677072721,
        0.009526065677072721,
        0.009526065677072721
      ],
      [
        0.9523696716146364,
        0.009526065677072721,
        0.009526065677072721,
        0.009526065677072721,
        0.009526065677072721,
        0.009526065677072721
      ],
      [
        0.9523696716146364,
        0.009526065677072721,
        0.009526065677072721,
        0.009526065677072721,
        0.009526065677072721,
        0.009526065677072721
      ],
      [
        0.9523696716146364,
        0.009526065677072721,
        0.009526065677072721,
        0.009526065677072721,
        0.009526065677072721,
        0.009526065677072721
      ],
      [
        0.9523696716146364,
        0.009526065677072721,
        0.009526065677072721,
        0.009526065677072721,
        0.009526065677072721,
        0.009526065677072721
      ],
      [
        0.9523696716146364,
        0.009526065677072721,
        0.009526065677072721,
        0.009526065677072721,
        0.009526065677072721,
        0.009526065677072721
      ],
      [
        0.9523696716146364,
        0.009526065677072721,
        0.009526065677072721,
        0.009526065677072721,
        0.009526065677072721,
        0.009526065677072721
      ],
      [
        0.9523696716146364,
        0.009526065677072721,
        0.009526065677072721,
        0.009526065677072721,
        0.009526065677072721,
        0.009526065677072721
      ],
      [
        0.9523696716146364,
        0.009526065677072721,
        0.009526065677072721,
        0.009526065677072721,
        0.009526065677072721,
        0.009526065677072721
      ],
      [
        0.9523696716146364,
        0.009526065677072721,
        0.009526065677072721,
        0.009526065677072721,
        0.009526065677072721,
        0.009526065677072721
      ],
      [
        0.9523697274565915,
        0.009526054508681691,
        0.009526054508681691,
        0.009526054508681691,
        0.009526054508681691,
        0.009526054508681691
      ],
      [
        0.9523697274565915,
        0.009526054508681691,
        0.009526054508681691,
        0.009526054508681691,
        0.009526054508681691,
        0.009526054508681691
      ],
      [
        0.9523697274565915,
        0.009526054508681691,
        0.009526054508681691,
        0.009526054508681691,
        0.009526054508681691,
        0.009526054508681691
      ],
      [
        0.9523697274565915,
        0.009526054508681691,
        0.009526054508681691,
        0.009526054508681691,
        0.009526054508681691,
        0.009526054508681691
      ],
      [
        0.9523697274565915,
        0.009526054508681691,
        0.009526054508681691,
        0.009526054508681691,
        0.009526054508681691,
        0.009526054508681691
      ],
      [
        0.9523696716146364,
        0.009526065677072721,
        0.009526065677072721,
        0.009526065677072721,
        0.009526065677072721,
        0.009526065677072721
      ],
      [
        0.9523696716146364,
        0.009526065677072721,
        0.009526065677072721,
        0.009526065677072721,
        0.009526065677072721,
        0.009526065677072721
      ],
      [
        0.9523696716146364,
        0.009526065677072721,
        0.009526065677072721,
        0.009526065677072721,
        0.009526065677072721,
        0.009526065677072721
      ],
      [
        0.9523696716146364,
        0.009526065677072721,
        0.009526065677072721,
        0.009526065677072721,
        0.009526065677072721,
        0.009526065677072721
      ],
      [
        0.9523696716146364,
        0.009526065677072721,
        0.009526065677072721,
        0.009526065677072721,
        0.009526065677072721,
        0.009526065677072721
      ],
      [
        0.9523696716146364,
        0.009526065677072721,
        0.009526065677072721,
        0.009526065677072721,
        0.009526065677072721,
        0.009526065677072721
      ],
      [
        0.9523696716146364,
        0.009526065677072721,
        0.009526065677072721,
        0.009526065677072721,
        0.009526065677072721,
        0.009526065677072721
      ],
      [
        0.9523696716146364,
        0.009526065677072721,
        0.009526065677072721,
        0.009526065677072721,
        0.009526065677072721,
        0.009526065677072721
      ],
      [
        0.9523696716146364,
        0.009526065677072721,
        0.009526065677072721,
        0.009526065677072721,
        0.009526065677072721,
        0.009526065677072721
      ],
      [
        0.9523696716146364,
        0.009526065677072721,
        0.009526065677072721,
        0.009526065677072721,
        0.009526065677072721,
        0.009526065677072721
      ]
    ],
    [
      [
        0.9523696716146364,
        0.009526065677072721,
        0.009526065677072721,
        0.009526065677072721,
        0.009526065677072721,
        0.009526065677072721
      ],
      [
        0.7371534392909624,
        0.09989309029406683,
        0.10814709050708074,
        0.014885772272327517,
        0.030013232835486455,
        0.009907374800075981
      ],
      [
        0.06036574878646328,
        0.09463965793168888,
        0.1098657134443405,
        0.013829686016348635,
        0.7113919958200007,
        0.009907198001157937
      ],
      [
        0.6874015373592095,
        0.11268713585619895,
        0.13644475691563226,
        0.017524939948667585,
        0.03603429098992564,
        0.00990733893036607
      ],
      [
        0.6493655693565887,
        0.11326285092171667,
        0.16288855438597136,
        0.01980263700466307,
        0.04477266493698346,
        0.009907723394076641
      ],
      [
        0.6509237490359926,
        0.11113029657841629,
        0.1536921685593413,
        0.01976899865876582,
        0.05457676506813019,
        0.009908022099353746
      ],
      [
        0.09681009085714815,
        0.12820371276649536,
        0.16521742075148763,
        0.02176878786167484,
        0.5780917046359795,
        0.00990828312721465
      ],
      [
        0.6874015373592095,
        0.11268713585619895,
        0.13644475691563226,
        0.017524939948667585,
        0.03603429098992564,
        0.00990733893036607
      ],
      [
        0.7371534392909624,
        0.09989309029406683,
        0.10814709050708074,
        0.014885772272327517,
        0.030013232835486455,
        0.009907374800075981
      ],
      [
        0.7371534392909624,
        0.09989309029406683,
        0.10814709050708074,
        0.014885772272327517,
        0.030013232835486455,
        0.009907374800075981
      ],
      [
        0.8084219127874847,
        0.08427396614931365,
        0.06685719323511605,
        0.012710497720141167,
        0.017830265536452544,
        0.009906164571492059
      ],
      [
        0.8221066156769329,
        0.08096746193996021,
        0.056591425089825245,
        0.01310396900729556,
        0.017324884798038676,
        0.009905643487947612
      ],
      [
        0.8758165683473019,
        0.06029800043857439,
        0.03432109706206548,
        0.009854778050686028,
        0.009854778050686028,
        0.009854778050686028
      ],
      [
        0.8758165683473019,
        0.06029800043857439,
        0.03432109706206548,
        0.009854778050686028,
        0.009854778050686028,
        0.009854778050686028
      ],
      [
        0.029365406804440525,
        0.06422303108657719,
        0.04079511773102696,
        0.009899558212405544,
        0.8458173279531442,
        0.009899558212405544
      ],
      [
        0.03304234200542233,
        0.0765844861493869,
        0.05935566386077573,
        0.009896970480055828,
        0.8112235670243034,
        0.009896970480055828
      ],
      [
        0.04049395852057224,
        0.08395094156990679,
        0.06618424241593902,
        0.011354923219526775,
        0.7881088337771515,
        0.009907100496903775
      ],
      [
        0.7371534392909624,
        0.09989309029406683,
        0.10814709050708074,
        0.014885772272327517,
        0.030013232835486455,
        0.009907374800075981
      ],
      [
        0.8084219127874847,
        0.08427396614931365,
        0.06685719323511605,
        0.012710497720141167,
        0.017830265536452544,
        0.009906164571492059
      ],
      [
        0.8084219127874847,
        0.08427396614931365,
        0.06685719323511605,
        0.012710497720141167,
        0.017830265536452544,
        0.009906164571492059
      ],
      [
        0.7561597407177194,
        0.08427396614931365,
        0.06685719323511605,
        0.012710497720141167,
        0.07009243760621771,
        0.009906164571492059
      ],
      [
        0.6726679585235582,
        0.09989309029406683,
        0.10814709050708074,
        0.014885772272327517,
        0.0944987136028907,
        0.009907374800075981
      ],
      [
        0.7371534392909624,
        0.09989309029406683,
        0.10814709050708074,
        0.014885772272327517,
        0.030013232835486455,
        0.009907374800075981
      ],
      [
        0.6874015373592095,
        0.11268713585619895,
        0.13644475691563226,
        0.017524939948667585,
        0.03603429098992564,
        0.00990733893036607
      ],
      [
        0.6493655693565887,
        0.11326285092171667,
        0.16288855438597136,
        0.01980263700466307,
        0.04477266493698346,
        0.009907723394076641
      ],
      [
        0.6073560154701323,
        0.16996157254811162,
        0.14340521949523144,
        0.01844581684568169,
        0.050923824208472954,
        0.009907551432370296
      ],
      [
        0.7044249215929963,
        0.09775731820948085,
        0.12542432751586519,
        0.01864460082163296,
        0.04384249793607114,
        0.009906333923953523
      ],
      [
        0.0695514847113854,
        0.10175073471066731,
        0.12670928535221368,
        0.01805384089354192,
        0.674027114451593,
        0.009907539880598722
      ],
      [
        0.9523697274565915,
        0.009526054508681691,
        0.009526054508681691,
        0.009526054508681691,
        0.009526054508681691,
        0.009526054508681691
      ],
      [
        0.05677064495075555,
        0.0890033591351008,
        0.10332262144669618,
        0.013006054101835586,
        0.7279904920782946,
        0.009906828287317345
      ],
      [
        0.8084219127874847,
        0.08427396614931365,
        0.06685719323511605,
        0.012710497720141167,
        0.017830265536452544,
        0.009906164571492059
      ],
      [
        0.03304234200542233,
        0.0765844861493869,
        0.05935566386077573,
        0.009896970480055828,
        0.8112235670243034,
        0.009896970480055828
      ],
      [
        0.9523696716146364,
        0.009526065677072721,
        0.009526065677072721,
        0.009526065677072721,
        0.009526065677072721,
        0.009526065677072721
      ],
      [
        0.8221066156769329,
        0.08096746193996021,
        0.056591425089825245,
        0.01310396900729556,
        0.017324884798038676,
        0.009905643487947612
      ],
      [
        0.8084219127874847,
        0.08427396614931365,
        0.06685719323511605,
        0.012710497720141167,
        0.017830265536452544,
        0.009906164571492059
      ],
      [
        0.6726679585235583,
        0.09989309029406684,
        0.17263257127448503,
        0.01488577227232752,
        0.030013232835486462,
        0.009907374800075983
      ],
      [
        0.7371534392909624,
        0.09989309029406683,
        0.10814709050708074,
        0.014885772272327517,
        0.030013232835486455,
        0.009907374800075981
      ],
      [
        0.7371534392909624,
        0.09989309029406683,
        0.10814709050708074,
        0.014885772272327517,
        0.030013232835486455,
        0.009907374800075981
      ],
      [
        0.7561597407177194,
        0.08427396614931365,
        0.06685719323511605,
        0.06497266978990635,
        0.017830265536452544,
        0.009906164571492059
      ],
      [
        0.9523696716146364,
        0.009526065677072721,
        0.009526065677072721,
        0.009526065677072721,
        0.009526065677072721,
        0.009526065677072721
      ]
    ],
    [
      [
        0.9523696716146364,
        0.009526065677072721,
        0.009526065677072721,
        0.009526065677072721,
        0.009526065677072721,
        0.009526065677072721
      ],
      [
        0.7371534392909624,
        0.09989309029406683,
        0.10814709050708074,
        0.014885772272327517,
        0.030013232835486455,
        0.009907374800075981
      ],
      [
        0.712611822591574,
        0.19514498811634315,
        0.009811762189059449,
        0.020902866061329798,
        0.051716798852634215,
        0.009811762189059449
      ],
      [
        0.09182273181758775,
        0.2833226983425118,
        0.009815201727069399,
        0.020628347753792502,
        0.5845958186319692,
        0.009815201727069399
      ],
      [
        0.6306108615846626,
        0.27523419649341874,
        0.009812784082009448,
        0.02075839480690218,
        0.05377097895099755,
        0.009812784082009448
      ],
      [
        0.35875174861942105,
        0.36432754026911696,
        0.009815492123005868,
        0.08712059590600447,
        0.17016913095944583,
        0.009815492123005868
      ],
      [
        0.6306108615846626,
        0.27523419649341874,
        0.009812784082009448,
        0.02075839480690218,
        0.05377097895099755,
        0.009812784082009448
      ],
      [
        0.09182273181758775,
        0.2833226983425118,
        0.009815201727069399,
        0.020628347753792502,
        0.5845958186319692,
        0.009815201727069399
      ],
      [
        0.6908744714518137,
        0.23603709317478266,
        0.009810617490521973,
        0.018199228811078667,
        0.03526797158128115,
        0.009810617490521973
      ],
      [
        0.06275207749045154,
        0.18383288084368646,
        0.009816136843614218,
        0.015125519199763416,
        0.7186572487788702,
        0.009816136843614218
      ],
      [
        0.06275207749045154,
        0.18383288084368646,
        0.009816136843614218,
        0.015125519199763416,
        0.7186572487788702,
        0.009816136843614218
      ],
      [
        0.04638384526908397,
        0.13668098420254443,
        0.009816539666816455,
        0.015583158791066703,
        0.7817189324036721,
        0.009816539666816455
      ],
      [
        0.8383299600998207,
        0.11249070500414825,
        0.009810769505749618,
        0.011934898700733007,
        0.01762289718379893,
        0.009810769505749618
      ],
      [
        0.8717018647006396,
        0.0892355046324963,
        0.009765657666716004,
        0.009765657666716004,
        0.009765657666716004,
        0.009765657666716004
      ],
      [
        0.04387696563674638,
        0.12540571787464147,
        0.009817610261644273,
        0.014057309114962667,
        0.7970247868503608,
        0.009817610261644273
      ],
      [
        0.8055184655796304,
        0.13786217263321124,
        0.009811454747774598,
        0.014874179193030895,
        0.022122273098578202,
        0.009811454747774598
      ],
      [
        0.7428822495973837,
        0.18991602841396515,
        0.009811668126770786,
        0.01647270215678967,
        0.031105683578319967,
        0.009811668126770786
      ],
      [
        0.7033748030663847,
        0.22942347494496412,
        0.009811668126770786,
        0.01647270215678967,
        0.031105683578319967,
        0.009811668126770786
      ],
      [
        0.09957607948175595,
        0.1657650714707406,
        0.00981797449657815,
        0.02018690901645966,
        0.6948359910378875,
        0.00981797449657815
      ],
      [
        0.7425665895543231,
        0.17104689003317936,
        0.009812647338006504,
        0.020346188386069764,
        0.04641503735041475,
        0.009812647338006504
      ],
      [
        0.17124601203032666,
        0.1657650714707406,
        0.00981797449657815,
        0.02018690901645966,
        0.6231660584893167,
        0.00981797449657815
      ],
      [
        0.7033748030663847,
        0.18991602841396515,
        0.009811668126770786,
        0.01647270215678967,
        0.07061313010931897,
        0.009811668126770786
      ],
      [
        0.6908744714518137,
        0.23603709317478266,
        0.009810617490521973,
        0.018199228811078667,
        0.03526797158128115,
        0.009810617490521973
      ],
      [
        0.6104645808986924,
        0.3093583553145274,
        0.009811534551280502,
        0.019083789059376945,
        0.041470205624842466,
        0.009811534551280502
      ],
      [
        0.1113192780048189,
        0.2686329741606763,
        0.009815601761741916,
        0.0214835276687568,
        0.578933016642264,
        0.009815601761741916
      ],
      [
        0.3894431984773419,
        0.38104224750670324,
        0.009810729108921272,
        0.0271674501622625,
        0.18272564563584995,
        0.009810729108921272
      ],
      [
        0.6801240517494002,
        0.22414252828781336,
        0.009809295619512617,
        0.02011320214541843,
        0.05600162657834281,
        0.009809295619512617
      ],
      [
        0.6544409599626381,
        0.24982664962563245,
        0.009810745629299593,
        0.02061980474359654,
        0.055491094409533766,
        0.009810745629299593
      ],
      [
        0.0695514847113854,
        0.10175073471066731,
        0.12670928535221368,
        0.01805384089354192,
        0.674027114451593,
        0.009907539880598722
      ],
      [
        0.9523697274565915,
        0.009526054508681691,
        0.009526054508681691,
        0.009526054508681691,
        0.009526054508681691,
        0.009526054508681691
      ],
      [
        0.7371534392909624,
        0.09989309029406683,
        0.10814709050708074,
        0.014885772272327517,
        0.030013232835486455,
        0.009907374800075981
      ],
      [
        0.7561597407177194,
        0.08427396614931365,
        0.06685719323511605,
        0.06497266978990635,
        0.017830265536452544,
        0.009906164571492059
      ],
      [
        0.9523696716146364,
        0.009526065677072721,
        0.009526065677072721,
        0.009526065677072721,
        0.009526065677072721,
        0.009526065677072721
      ],
      [
        0.8084219127874847,
        0.08427396614931365,
        0.06685719323511605,
        0.012710497720141167,
        0.017830265536452544,
        0.009906164571492059
      ],
      [
        0.7033748030663847,
        0.22942347494496412,
        0.009811668126770786,
        0.01647270215678967,
        0.031105683578319967,
        0.009811668126770786
      ],
      [
        0.7033748030663847,
        0.22942347494496412,
        0.009811668126770786,
        0.01647270215678967,
        0.031105683578319967,
        0.009811668126770786
      ],
      [
        0.6908744714518137,
        0.23603709317478266,
        0.009810617490521973,
        0.018199228811078667,
        0.03526797158128115,
        0.009810617490521973
      ],
      [
        0.7428822495973837,
        0.18991602841396515,
        0.009811668126770786,
        0.01647270215678967,
        0.031105683578319967,
        0.009811668126770786
      ],
      [
        0.6726679585235582,
        0.09989309029406683,
        0.10814709050708074,
        0.014885772272327517,
        0.0944987136028907,
        0.009907374800075981
      ],
      [
        0.9523696716146364,
        0.009526065677072721,
        0.009526065677072721,
        0.009526065677072721,
        0.009526065677072721,
        0.009526065677072721
      ]
    ],
    [
      [
        0.9523696716146364,
        0.009526065677072721,
        0.009526065677072721,
        0.009526065677072721,
        0.009526065677072721,
        0.009526065677072721
      ],
      [
        0.08002146831787237,
        0.08239852293654995,
        0.08086017229827029,
        0.07758532106036296,
        0.6692274999426907,
        0.009907015444253741
      ],
      [
        0.6980651657211581,
        0.21554831386634438,
        0.009812647338006504,
        0.020346188386069764,
        0.04641503735041475,
        0.009812647338006504
      ],
      [
        0.10883823099605167,
        0.18400649669224245,
        0.009817440388726919,
        0.021054061953767304,
        0.6664663295804846,
        0.009817440388726919
      ],
      [
        0.6492907924292408,
        0.27053214378397883,
        0.0098115345512805,
        0.019083789059376945,
        0.041470205624842466,
        0.0098115345512805
      ],
      [
        0.1113192780048189,
        0.3282019590444478,
        0.009815601761741916,
        0.0214835276687568,
        0.5193640317584926,
        0.009815601761741916
      ],
      [
        0.6492907924292408,
        0.27053214378397883,
        0.0098115345512805,
        0.019083789059376945,
        0.041470205624842466,
        0.0098115345512805
      ],
      [
        0.07838213005922534,
        0.24248266600395987,
        0.009815749543766874,
        0.020505480889354274,
        0.6389982239599268,
        0.009815749543766874
      ],
      [
        0.7428822495973837,
        0.18991602841396515,
        0.009811668126770786,
        0.01647270215678967,
        0.031105683578319967,
        0.009811668126770786
      ],
      [
        0.7428822495973837,
        0.18991602841396515,
        0.009811668126770786,
        0.01647270215678967,
        0.031105683578319967,
        0.009811668126770786
      ],
      [
        0.8055184655796304,
        0.13786217263321124,
        0.009811454747774598,
        0.014874179193030895,
        0.022122273098578202,
        0.009811454747774598
      ],
      [
        0.04387696563674638,
        0.12540571787464147,
        0.009817610261644273,
        0.014057309114962667,
        0.7970247868503608,
        0.009817610261644273
      ],
      [
        0.8717018647006396,
        0.0892355046324963,
        0.009765657666716004,
        0.009765657666716004,
        0.009765657666716004,
        0.009765657666716004
      ],
      [
        0.04387696563674638,
        0.12540571787464147,
        0.009817610261644273,
        0.014057309114962667,
        0.7970247868503608,
        0.009817610261644273
      ],
      [
        0.8055184655796304,
        0.13786217263321124,
        0.009811454747774598,
        0.014874179193030895,
        0.022122273098578202,
        0.009811454747774598
      ],
      [
        0.06275207749045154,
        0.18383288084368646,
        0.009816136843614218,
        0.015125519199763416,
        0.7186572487788702,
        0.009816136843614218
      ],
      [
        0.7428822495973837,
        0.18991602841396515,
        0.009811668126770786,
        0.01647270215678967,
        0.031105683578319967,
        0.009811668126770786
      ],
      [
        0.712611822591574,
        0.19514498811634315,
        0.009811762189059449,
        0.020902866061329798,
        0.051716798852634215,
        0.009811762189059449
      ],
      [
        0.17124601203032666,
        0.1657650714707406,
        0.00981797449657815,
        0.02018690901645966,
        0.6231660584893167,
        0.00981797449657815
      ],
      [
        0.7425665895543231,
        0.17104689003317936,
        0.009812647338006504,
        0.020346188386069764,
        0.04641503735041475,
        0.009812647338006504
      ],
      [
        0.6980651657211581,
        0.21554831386634438,
        0.009812647338006504,
        0.020346188386069764,
        0.04641503735041475,
        0.009812647338006504
      ],
      [
        0.7425665895543231,
        0.17104689003317936,
        0.009812647338006504,
        0.020346188386069764,
        0.04641503735041475,
        0.009812647338006504
      ],
      [
        0.7033748030663847,
        0.22942347494496412,
        0.009811668126770786,
        0.01647270215678967,
        0.031105683578319967,
        0.009811668126770786
      ],
      [
        0.6908744714518137,
        0.23603709317478266,
        0.009810617490521973,
        0.018199228811078667,
        0.03526797158128115,
        0.009810617490521973
      ],
      [
        0.642444226259477,
        0.25902159603483416,
        0.009810996790944146,
        0.02137872297697832,
        0.05753346114682225,
        0.009810996790944146
      ],
      [
        0.12137037755999501,
        0.21461274711989328,
        0.009813804325023646,
        0.019393762530790042,
        0.6249955041392743,
        0.009813804325023646
      ],
      [
        0.11319856957656,
        0.2651520803612748,
        0.009815268812590306,
        0.020336063816150256,
        0.5816827486208342,
        0.009815268812590306
      ],
      [
        0.6462654877282281,
        0.22591766924431955,
        0.00981145492668143,
        0.020083713496930243,
        0.08811021967715908,
        0.00981145492668143
      ],
      [
        0.09279262917807483,
        0.15447260916191938,
        0.009817017164868859,
        0.01881171032606358,
        0.7142890170042044,
        0.009817017164868859
      ],
      [
        0.05677064495075555,
        0.0890033591351008,
        0.10332262144669618,
        0.013006054101835586,
        0.7279904920782946,
        0.009906828287317345
      ],
      [
        0.9523696716146364,
        0.009526065677072721,
        0.009526065677072721,
        0.009526065677072721,
        0.009526065677072721,
        0.009526065677072721
      ],
      [
        0.7751073874061005,
        0.12796669021079257,
        0.056591425089825245,
        0.01310396900729556,
        0.017324884798038676,
        0.009905643487947612
      ],
      [
        0.9523696716146364,
        0.009526065677072721,
        0.009526065677072721,
        0.009526065677072721,
        0.009526065677072721,
        0.009526065677072721
      ],
      [
        0.7371534392909624,
        0.09989309029406683,
        0.10814709050708074,
        0.014885772272327517,
        0.030013232835486455,
        0.009907374800075981
      ],
      [
        0.7428822495973837,
        0.18991602841396515,
        0.009811668126770786,
        0.01647270215678967,
        0.031105683578319967,
        0.009811668126770786
      ],
      [
        0.6567252697897558,
        0.27018629483684053,
        0.009810617490521973,
        0.018199228811078667,
        0.03526797158128115,
        0.009810617490521973
      ],
      [
        0.09182273181758775,
        0.3408515063964408,
        0.009815201727069399,
        0.020628347753792502,
        0.5270670105780401,
        0.009815201727069399
      ],
      [
        0.6908744714518137,
        0.23603709317478266,
        0.009810617490521973,
        0.018199228811078667,
        0.03526797158128115,
        0.009810617490521973
      ],
      [
        0.7371534392909624,
        0.09989309029406683,
        0.10814709050708074,
        0.014885772272327517,
        0.030013232835486455,
        0.009907374800075981
      ],
      [
        0.9523696716146364,
        0.009526065677072721,
        0.009526065677072721,
        0.009526065677072721,
        0.009526065677072721,
        0.009526065677072721
      ]
    ],
    [
      [
        0.9523696716146364,
        0.009526065677072721,
        0.009526065677072721,
        0.009526065677072721,
        0.009526065677072721,
        0.009526065677072721
      ],
      [
        0.08002146831787237,
        0.08239852293654995,
        0.08086017229827029,
        0.01672933409759695,
        0.7300834869054568,
        0.009907015444253741
      ],
      [
        0.6980651657211581,
        0.21554831386634438,
        0.009812647338006504,
        0.020346188386069764,
        0.04641503735041475,
        0.009812647338006504
      ],
      [
        0.17124601203032666,
        0.1657650714707406,
        0.00981797449657815,
        0.02018690901645966,
        0.6231660584893167,
        0.00981797449657815
      ],
      [
        0.6726246583883961,
        0.19514498811634312,
        0.009811762189059447,
        0.060890030264507476,
        0.05171679885263421,
        0.009811762189059447
      ],
      [
        0.642444226259477,
        0.25902159603483416,
        0.009810996790944146,
        0.02137872297697832,
        0.05753346114682225,
        0.009810996790944146
      ],
      [
        0.13870480327028256,
        0.24248266600395987,
        0.009815749543766874,
        0.020505480889354274,
        0.5786755507488696,
        0.009815749543766874
      ],
      [
        0.009526065677072723,
        0.009526065677072723,
        0.009526065677072723,
        0.009526065677072723,
        0.009526065677072723,
        0.9523696716146364
      ],
      [
        0.06275207749045154,
        0.18383288084368646,
        0.009816136843614218,
        0.015125519199763416,
        0.7186572487788702,
        0.009816136843614218
      ],
      [
        0.009526065677072723,
        0.009526065677072723,
        0.009526065677072723,
        0.009526065677072723,
        0.009526065677072723,
        0.9523696716146364
      ],
      [
        0.04387696563674638,
        0.12540571787464147,
        0.009817610261644273,
        0.014057309114962667,
        0.7970247868503608,
        0.009817610261644273
      ],
      [
        0.8717018647006396,
        0.0892355046324963,
        0.009765657666716004,
        0.009765657666716004,
        0.009765657666716004,
        0.009765657666716004
      ],
      [
        0.8383299600998207,
        0.11249070500414825,
        0.009810769505749618,
        0.011934898700733007,
        0.01762289718379893,
        0.009810769505749618
      ],
      [
        0.8055184655796304,
        0.13786217263321124,
        0.009811454747774598,
        0.014874179193030895,
        0.022122273098578202,
        0.009811454747774598
      ],
      [
        0.7428822495973837,
        0.18991602841396515,
        0.009811668126770786,
        0.01647270215678967,
        0.031105683578319967,
        0.009811668126770786
      ],
      [
        0.06275207749045154,
        0.18383288084368646,
        0.009816136843614218,
        0.015125519199763416,
        0.7186572487788702,
        0.009816136843614218
      ],
      [
        0.712611822591574,
        0.19514498811634315,
        0.009811762189059449,
        0.020902866061329798,
        0.051716798852634215,
        0.009811762189059449
      ],
      [
        0.642444226259477,
        0.22293796221969409,
        0.009810996790944146,
        0.02137872297697832,
        0.09361709496196234,
        0.009810996790944146
      ],
      [
        0.712611822591574,
        0.19514498811634315,
        0.009811762189059449,
        0.020902866061329798,
        0.051716798852634215,
        0.009811762189059449
      ],
      [
        0.6726246583883961,
        0.19514498811634312,
        0.009811762189059447,
        0.020902866061329795,
        0.09170396305581188,
        0.009811762189059447
      ],
      [
        0.6980651657211581,
        0.21554831386634438,
        0.009812647338006504,
        0.020346188386069764,
        0.04641503735041475,
        0.009812647338006504
      ],
      [
        0.09957607948175595,
        0.1657650714707406,
        0.00981797449657815,
        0.02018690901645966,
        0.6948359910378875,
        0.00981797449657815
      ],
      [
        0.09957607948175595,
        0.1657650714707406,
        0.00981797449657815,
        0.09185684156503038,
        0.6231660584893167,
        0.00981797449657815
      ],
      [
        0.6980651657211581,
        0.21554831386634438,
        0.009812647338006504,
        0.020346188386069764,
        0.04641503735041475,
        0.009812647338006504
      ],
      [
        0.17778421350334928,
        0.18400649669224245,
        0.009817440388726919,
        0.021054061953767304,
        0.597520347073187,
        0.009817440388726919
      ],
      [
        0.11319856957656,
        0.20728113615070834,
        0.009815268812590306,
        0.020336063816150256,
        0.6395536928314006,
        0.009815268812590306
      ],
      [
        0.6462654877282282,
        0.26433779531961604,
        0.009811454926681434,
        0.020083713496930247,
        0.04969009360186268,
        0.009811454926681434
      ],
      [
        0.7103239536860538,
        0.20618909155042636,
        0.009812268460463777,
        0.01946274607575388,
        0.044399671766838275,
        0.009812268460463777
      ],
      [
        0.09279262917807483,
        0.15447260916191938,
        0.009817017164868859,
        0.01881171032606358,
        0.7142890170042044,
        0.009817017164868859
      ],
      [
        0.04017790439817957,
        0.07647218033608093,
        0.059270596824084636,
        0.010373818742051023,
        0.8037976548316828,
        0.00990784486792097
      ],
      [
        0.9523696716146364,
        0.009526065677072721,
        0.009526065677072721,
        0.009526065677072721,
        0.009526065677072721,
        0.009526065677072721
      ],
      [
        0.9523696716146364,
        0.009526065677072721,
        0.009526065677072721,
        0.009526065677072721,
        0.009526065677072721,
        0.009526065677072721
      ],
      [
        0.9523696716146364,
        0.009526065677072721,
        0.009526065677072721,
        0.009526065677072721,
        0.009526065677072721,
        0.009526065677072721
      ],
      [
        0.06036574878646328,
        0.09463965793168888,
        0.1098657134443405,
        0.013829686016348635,
        0.7113919958200007,
        0.009907198001157937
      ],
      [
        0.07838213005922534,
        0.24248266600395987,
        0.009815749543766874,
        0.020505480889354274,
        0.6389982239599268,
        0.009815749543766874
      ],
      [
        0.6492907924292408,
        0.27053214378397883,
        0.0098115345512805,
        0.019083789059376945,
        0.041470205624842466,
        0.0098115345512805
      ],
      [
        0.1113192780048189,
        0.3282019590444478,
        0.009815601761741916,
        0.0214835276687568,
        0.5193640317584926,
        0.009815601761741916
      ],
      [
        0.09182273181758775,
        0.2833226983425118,
        0.009815201727069399,
        0.020628347753792502,
        0.5845958186319692,
        0.009815201727069399
      ],
      [
        0.6232783406619046,
        0.11268713585619895,
        0.13644475691563226,
        0.017524939948667585,
        0.1001574876872306,
        0.00990733893036607
      ],
      [
        0.9523696716146364,
        0.009526065677072721,
        0.009526065677072721,
        0.009526065677072721,
        0.009526065677072721,
        0.009526065677072721
      ]
    ],
    [
      [
        0.9523696716146364,
        0.009526065677072721,
        0.009526065677072721,
        0.009526065677072721,
        0.009526065677072721,
        0.009526065677072721
      ],
      [
        0.7371534392909624,
        0.09989309029406683,
        0.10814709050708074,
        0.014885772272327517,
        0.030013232835486455,
        0.009907374800075981
      ],
      [
        0.712611822591574,
        0.19514498811634315,
        0.009811762189059449,
        0.020902866061329798,
        0.051716798852634215,
        0.009811762189059449
      ],
      [
        0.6980651657211581,
        0.21554831386634438,
        0.009812647338006504,
        0.020346188386069764,
        0.04641503735041475,
        0.009812647338006504
      ],
      [
        0.6980651657211581,
        0.17104689003317936,
        0.009812647338006504,
        0.06484761221923481,
        0.04641503735041475,
        0.009812647338006504
      ],
      [
        0.712611822591574,
        0.19514498811634315,
        0.009811762189059449,
        0.020902866061329798,
        0.051716798852634215,
        0.009811762189059449
      ],
      [
        0.6980651657211581,
        0.17104689003317936,
        0.009812647338006504,
        0.020346188386069764,
        0.09091646118357981,
        0.009812647338006504
      ],
      [
        0.06275207749045154,
        0.18383288084368646,
        0.009816136843614218,
        0.015125519199763416,
        0.7186572487788702,
