{
  "prediction": [
    [
      [
        0.9523696716146364,
        0.009526065677072721,
        0.009526065677072721,
        0.009526065677072721,
        0.009526065677072721,
        0.009526065677072721
      ],
      [
        0.9523696716146364,
        0.009526065677072721,
        0.009526065677072721,
        0.009526065677072721,
        0.009526065677072721,
        0.009526065677072721
      ],
      [
        0.9523696716146364,
        0.009526065677072721,
        0.009526065677072721,
        0.009526065677072721,
        0.009526065677072721,
        0.009526065677072721
      ],
      [
        0.9523696716146364,
        0.009526065677072721,
        0.009526065677072721,
        0.009526065677072721,
        0.009526065677072721,
        0.009526065677072721
      ],
      [
        0.9523696716146364,
        0.009526065677072721,
        0.009526065677072721,
        0.009526065677072721,
        0.009526065677072721,
        0.009526065677072721
      ],
      [
        0.9523696716146364,
        0.009526065677072721,
        0.009526065677072721,
        0.009526065677072721,
        0.009526065677072721,
        0.009526065677072721
      ],
      [
        0.9523696716146364,
        0.009526065677072721,
        0.009526065677072721,
        0.009526065677072721,
        0.009526065677072721,
        0.009526065677072721
      ],
      [
        0.9523696716146364,
        0.009526065677072721,
        0.009526065677072721,
        0.009526065677072721,
        0.009526065677072721,
        0.009526065677072721
      ],
      [
        0.9523696716146364,
        0.009526065677072721,
        0.009526065677072721,
        0.009526065677072721,
        0.009526065677072721,
        0.009526065677072721
      ],
      [
        0.9523696716146364,
        0.009526065677072721,
        0.009526065677072721,
        0.009526065677072721,
        0.009526065677072721,
        0.009526065677072721
      ],
      [
        0.9523696716146364,
        0.009526065677072721,
        0.009526065677072721,
        0.009526065677072721,
        0.009526065677072721,
        0.009526065677072721
      ],
      [
        0.9523696716146364,
        0.009526065677072721,
        0.009526065677072721,
        0.009526065677072721,
        0.009526065677072721,
        0.009526065677072721
      ],
      [
        0.9523696716146364,
        0.009526065677072721,
        0.009526065677072721,
        0.009526065677072721,
        0.009526065677072721,
        0.009526065677072721
      ],
      [
        0.9523696716146364,
        0.009526065677072721,
        0.009526065677072721,
        0.009526065677072721,
        0.009526065677072721,
        0.009526065677072721
      ],
      [
        0.9523696716146364,
        0.009526065677072721,
        0.009526065677072721,
        0.009526065677072721,
        0.009526065677072721,
        0.009526065677072721
      ],
      [
        0.9523696716146364,
        0.009526065677072721,
        0.009526065677072721,
        0.009526065677072721,
        0.009526065677072721,
        0.009526065677072721
      ],
      [
        0.9523696716146364,
        0.009526065677072721,
        0.009526065677072721,
        0.009526065677072721,
        0.009526065677072721,
        0.009526065677072721
      ],
      [
        0.9523696716146364,
        0.009526065677072721,
        0.009526065677072721,
        0.009526065677072721,
        0.009526065677072721,
        0.009526065677072721
      ],
      [
        0.9523696716146364,
        0.009526065677072721,
        0.009526065677072721,
        0.009526065677072721,
        0.009526065677072721,
        0.009526065677072721
      ],
      [
        0.9523696716146364,
        0.009526065677072721,
        0.009526065677072721,
        0.009526065677072721,
        0.009526065677072721,
        0.009526065677072721
      ],
      [
        0.9523696716146364,
        0.009526065677072721,
        0.009526065677072721,
        0.009526065677072721,
        0.009526065677072721,
        0.009526065677072721
      ],
      [
        0.9523696716146364,
        0.009526065677072721,
        0.009526065677072721,
        0.009526065677072721,
        0.009526065677072721,
        0.009526065677072721
      ],
      [
        0.9523696716146364,
        0.009526065677072721,
        0.009526065677072721,
        0.009526065677072721,
        0.009526065677072721,
        0.009526065677072721
      ],
      [
        0.9523696716146364,
        0.009526065677072721,
        0.009526065677072721,
        0.009526065677072721,
        0.009526065677072721,
        0.009526065677072721
      ],
      [
        0.9523696716146364,
        0.009526065677072721,
        0.009526065677072721,
        0.009526065677072721,
        0.009526065677072721,
        0.009526065677072721
      ],
      [
        0.9523697274565915,
        0.009526054508681691,
        0.009526054508681691,
        0.009526054508681691,
        0.009526054508681691,
        0.009526054508681691
      ],
      [
        0.9523697274565915,
        0.009526054508681691,
        0.009526054508681691,
        0.009526054508681691,
        0.009526054508681691,
        0.009526054508681691
      ],
      [
        0.9523697274565915,
        0.009526054508681691,
        0.009526054508681691,
        0.009526054508681691,
        0.009526054508681691,
        0.009526054508681691
      ],
      [
        0.9523697274565915,
        0.009526054508681691,
        0.009526054508681691,
        0.009526054508681691,
        0.009526054508681691,
        0.009526054508681691
      ],
      [
        0.9523697274565915,
        0.009526054508681691,
        0.009526054508681691,
        0.009526054508681691,
        0.009526054508681691,
        0.009526054508681691
      ],
      [
        0.9523696716146364,
        0.009526065677072721,
        0.009526065677072721,
        0.009526065677072721,
        0.009526065677072721,
        0.009526065677072721
      ],
      [
        0.9523696716146364,
        0.009526065677072721,
        0.009526065677072721,
        0.009526065677072721,
        0.009526065677072721,
        0.009526065677072721
      ],
      [
        0.9523696716146364,
        0.009526065677072721,
        0.009526065677072721,
        0.009526065677072721,
        0.009526065677072721,
        0.009526065677072721
      ],
      [
        0.9523696716146364,
        0.009526065677072721,
        0.009526065677072721,
        0.009526065677072721,
        0.009526065677072721,
        0.009526065677072721
      ],
      [
        0.9523696716146364,
        0.009526065677072721,
        0.009526065677072721,
        0.009526065677072721,
        0.009526065677072721,
        0.009526065677072721
      ],
      [
        0.9523696716146364,
        0.009526065677072721,
        0.009526065677072721,
        0.009526065677072721,
        0.009526065677072721,
        0.009526065677072721
      ],
      [
        0.9523696716146364,
        0.009526065677072721,
        0.009526065677072721,
        0.009526065677072721,
        0.009526065677072721,
        0.009526065677072721
      ],
      [
        0.9523696716146364,
        0.009526065677072721,
        0.009526065677072721,
        0.009526065677072721,
        0.009526065677072721,
        0.009526065677072721
      ],
      [
        0.9523696716146364,
        0.009526065677072721,
        0.009526065677072721,
        0.009526065677072721,
        0.009526065677072721,
        0.009526065677072721
      ],
      [
        0.9523696716146364,
        0.009526065677072721,
        0.009526065677072721,
        0.009526065677072721,
        0.009526065677072721,
        0.009526065677072721
      ]
    ],
    [
      [
        0.9523696716146364,
        0.009526065677072721,
        0.009526065677072721,
        0.009526065677072721,
        0.009526065677072721,
        0.009526065677072721
      ],
      [
        0.029365406804440525,
        0.06422303108657719,
        0.04079511773102696,
        0.009899558212405544,
        0.8458173279531442,
        0.009899558212405544
      ],
      [
        0.029365406804440525,
        0.06422303108657719,
        0.04079511773102696,
        0.009899558212405544,
        0.8458173279531442,
        0.009899558212405544
      ],
      [
        0.8758165683473019,
        0.06029800043857439,
        0.03432109706206548,
        0.009854778050686028,
        0.009854778050686028,
        0.009854778050686028
      ],
      [
        0.8758165683473019,
        0.06029800043857439,
        0.03432109706206548,
        0.009854778050686028,
        0.009854778050686028,
        0.009854778050686028
      ],
      [
        0.029365406804440525,
        0.06422303108657719,
        0.04079511773102696,
        0.009899558212405544,
        0.8458173279531442,
        0.009899558212405544
      ],
      [
        0.8758165683473019,
        0.06029800043857439,
        0.03432109706206548,
        0.009854778050686028,
        0.009854778050686028,
        0.009854778050686028
      ],
      [
        0.8758165683473019,
        0.06029800043857439,
        0.03432109706206548,
        0.009854778050686028,
        0.009854778050686028,
        0.009854778050686028
      ],
      [
        0.029365406804440525,
        0.06422303108657719,
        0.04079511773102696,
        0.009899558212405544,
        0.8458173279531442,
        0.009899558212405544
      ],
      [
        0.029365406804440525,
        0.06422303108657719,
        0.04079511773102696,
        0.009899558212405544,
        0.8458173279531442,
        0.009899558212405544
      ],
      [
        0.029365406804440525,
        0.06422303108657719,
        0.04079511773102696,
        0.009899558212405544,
        0.8458173279531442,
        0.009899558212405544
      ],
      [
        0.8411695448731579,
        0.09494502391271861,
        0.03432109706206548,
        0.009854778050686028,
        0.009854778050686028,
        0.009854778050686028
      ],
      [
        0.029365406804440525,
        0.06422303108657719,
        0.04079511773102696,
        0.009899558212405544,
        0.8458173279531442,
        0.009899558212405544
      ],
      [
        0.8221066156769329,
        0.08096746193996021,
        0.056591425089825245,
        0.01310396900729556,
        0.017324884798038676,
        0.009905643487947612
      ],
      [
        0.04049395852057224,
        0.08395094156990679,
        0.06618424241593902,
        0.011354923219526775,
        0.7881088337771515,
        0.009907100496903775
      ],
      [
        0.7371534392909624,
        0.09989309029406683,
        0.10814709050708074,
        0.014885772272327517,
        0.030013232835486455,
        0.009907374800075981
      ],
      [
        0.7371534392909624,
        0.09989309029406683,
        0.10814709050708074,
        0.014885772272327517,
        0.030013232835486455,
        0.009907374800075981
      ],
      [
        0.06036574878646328,
        0.09463965793168888,
        0.1098657134443405,
        0.013829686016348635,
        0.7113919958200007,
        0.009907198001157937
      ],
      [
        0.7999454421862708,
        0.08350079174140941,
        0.06641576815272346,
        0.014738897527159924,
        0.025490579591580173,
        0.00990852080085628
      ],
      [
        0.7371534392909624,
        0.09989309029406683,
        0.10814709050708074,
        0.014885772272327517,
        0.030013232835486455,
        0.009907374800075981
      ],
      [
        0.7371534392909624,
        0.09989309029406683,
        0.10814709050708074,
        0.014885772272327517,
        0.030013232835486455,
        0.009907374800075981
      ],
      [
        0.07453123890576613,
        0.10903589404348918,
        0.13578142950295358,
        0.019346461608791447,
        0.6513969671064803,
        0.009908008832519369
      ],
      [
        0.581359289182525,
        0.11326285092171667,
        0.16288855438597136,
        0.01980263700466307,
        0.11277894511104727,
        0.009907723394076641
      ],
      [
        0.10847490150814246,
        0.11062380391790173,
        0.1442842224658164,
        0.018321609185244322,
        0.6083870440568425,
        0.009908418866052609
      ],
      [
        0.630869861638511,
        0.16047798346599543,
        0.13265570270564778,
        0.019719560572068157,
        0.046370249594080995,
        0.00990664202369686
      ],
      [
        0.6936325582600165,
        0.09286415450317242,
        0.1467177294345153,
        0.017224953729542157,
        0.03965532481509262,
        0.009905279257661073
      ],
      [
        0.08180931946589691,
        0.2040743209713673,
        0.09829288948869971,
        0.016150499233793903,
        0.5897665091475905,
        0.009906461692651618
      ],
      [
        0.09592571008538267,
        0.06871036836268507,
        0.06452745406874508,
        0.01464600923866315,
        0.7462833935416064,
        0.009907064702917592
      ],
      [
        0.7751601703437947,
        0.07578216423211465,
        0.07601256041116465,
        0.014578546401299311,
        0.0485582209187967,
        0.009908337692830076
      ],
      [
        0.7274468435474454,
        0.07200173740938105,
        0.08336114121212806,
        0.016333535929370722,
        0.09095090040278377,
        0.009905841498891056
      ],
      [
        0.7253701934618567,
        0.09711321782041683,
        0.10812823836066635,
        0.01801309334514518,
        0.04146978150084714,
        0.009905475511067827
      ],
      [
        0.6879543009768097,
        0.10339354412769676,
        0.13265570270564778,
        0.019719560572068157,
        0.046370249594080995,
        0.00990664202369686
      ],
      [
        0.7137716424870943,
        0.07575056708567049,
        0.1392517268507281,
        0.017183954911104717,
        0.044136014574386394,
        0.009906094091015916
      ],
      [
        0.08002146831787237,
        0.08239852293654995,
        0.1417161592610363,
        0.01672933409759695,
        0.6692274999426907,
        0.009907015444253741
      ],
      [
        0.7485904923422745,
        0.0919692016671297,
        0.09497038599120487,
        0.016787020449519803,
        0.03777682567760976,
        0.009906073872261417
      ],
      [
        0.9523696716146364,
        0.009526065677072721,
        0.009526065677072721,
        0.009526065677072721,
        0.009526065677072721,
        0.009526065677072721
      ],
      [
        0.8084219127874847,
        0.08427396614931365,
        0.06685719323511605,
        0.012710497720141167,
        0.017830265536452544,
        0.009906164571492059
      ],
      [
        0.7751073874061005,
        0.08096746193996021,
        0.10359065336065759,
        0.01310396900729556,
        0.017324884798038676,
        0.009905643487947612
      ],
      [
        0.8758165683473019,
        0.06029800043857439,
        0.03432109706206548,
        0.009854778050686028,
        0.009854778050686028,
        0.009854778050686028
      ],
      [
        0.9523696716146364,
        0.009526065677072721,
        0.009526065677072721,
        0.009526065677072721,
        0.009526065677072721,
        0.009526065677072721
      ]
    ],
    [
      [
        0.9523696716146364,
        0.009526065677072721,
        0.009526065677072721,
        0.009526065677072721,
        0.009526065677072721,
        0.009526065677072721
      ],
      [
        0.8758165683473019,
        0.06029800043857439,
        0.03432109706206548,
        0.009854778050686028,
        0.009854778050686028,
        0.009854778050686028
      ],
      [
        0.9523696716146364,
        0.009526065677072721,
        0.009526065677072721,
        0.009526065677072721,
        0.009526065677072721,
        0.009526065677072721
      ],
      [
        0.8758165683473019,
        0.06029800043857439,
        0.03432109706206548,
        0.009854778050686028,
        0.009854778050686028,
        0.009854778050686028
      ],
      [
        0.021908283885602887,
        0.08984075800535496,
        0.009799737250585638,
        0.009799737250585638,
        0.8588517463572852,
        0.009799737250585638
      ],
      [
        0.8717018647006396,
        0.0892355046324963,
        0.009765657666716004,
        0.009765657666716004,
        0.009765657666716004,
        0.009765657666716004
      ],
      [
        0.8717018647006396,
        0.0892355046324963,
        0.009765657666716004,
        0.009765657666716004,
        0.009765657666716004,
        0.009765657666716004
      ],
      [
        0.8717018647006396,
        0.0892355046324963,
        0.009765657666716004,
        0.009765657666716004,
        0.009765657666716004,
        0.009765657666716004
      ],
      [
        0.8717018647006396,
        0.0892355046324963,
        0.009765657666716004,
        0.009765657666716004,
        0.009765657666716004,
        0.009765657666716004
      ],
      [
        0.8717018647006396,
        0.0892355046324963,
        0.009765657666716004,
        0.009765657666716004,
        0.009765657666716004,
        0.009765657666716004
      ],
      [
        0.8717018647006396,
        0.0892355046324963,
        0.009765657666716004,
        0.009765657666716004,
        0.009765657666716004,
        0.009765657666716004
      ],
      [
        0.8717018647006396,
        0.0892355046324963,
        0.009765657666716004,
        0.009765657666716004,
        0.009765657666716004,
        0.009765657666716004
      ],
      [
        0.04387696563674638,
        0.12540571787464147,
        0.009817610261644273,
        0.014057309114962667,
        0.7970247868503608,
        0.009817610261644273
      ],
      [
        0.8055184655796304,
        0.13786217263321124,
        0.009811454747774598,
        0.014874179193030895,
        0.022122273098578202,
        0.009811454747774598
      ],
      [
        0.7428822495973837,
        0.18991602841396515,
        0.009811668126770786,
        0.01647270215678967,
        0.031105683578319967,
        0.009811668126770786
      ],
      [
        0.7428822495973837,
        0.18991602841396515,
        0.009811668126770786,
        0.01647270215678967,
        0.031105683578319967,
        0.009811668126770786
      ],
      [
        0.6908744714518137,
        0.23603709317478266,
        0.009810617490521973,
        0.018199228811078667,
        0.03526797158128115,
        0.009810617490521973
      ],
      [
        0.7425665895543231,
        0.17104689003317936,
        0.009812647338006504,
        0.020346188386069764,
        0.04641503735041475,
        0.009812647338006504
      ],
      [
        0.7425665895543231,
        0.17104689003317936,
        0.009812647338006504,
        0.020346188386069764,
        0.04641503735041475,
        0.009812647338006504
      ],
      [
        0.7425665895543231,
        0.17104689003317936,
        0.009812647338006504,
        0.020346188386069764,
        0.04641503735041475,
        0.009812647338006504
      ],
      [
        0.6908744714518137,
        0.23603709317478266,
        0.009810617490521973,
        0.018199228811078667,
        0.03526797158128115,
        0.009810617490521973
      ],
      [
        0.14935153987151678,
        0.2833226983425118,
        0.009815201727069399,
        0.020628347753792502,
        0.5270670105780401,
        0.009815201727069399
      ],
      [
        0.6714883960688848,
        0.2305888263284364,
        0.00980945017623131,
        0.020691654153482602,
        0.05761222309673365,
        0.00980945017623131
      ],
      [
        0.439733872476211,
        0.32304528243728786,
        0.009810979033693847,
        0.028164846947332095,
        0.18943404007178122,
        0.009810979033693847
      ],
      [
        0.1279482075478587,
        0.22624397207085162,
        0.009814339934228236,
        0.020444833437193704,
        0.6057343070756395,
        0.009814339934228236
      ],
      [
        0.6544409599626381,
        0.24982664962563245,
        0.009810745629299593,
        0.02061980474359654,
        0.055491094409533766,
        0.009810745629299593
      ],
      [
        0.13093500252246623,
        0.22636254611159956,
        0.00981437344702605,
        0.02101164676786992,
        0.6020620577040121,
        0.00981437344702605
      ],
      [
        0.7325288160151049,
        0.1643683475980138,
        0.009811494485288046,
        0.021643256043173232,
        0.06183659137313212,
        0.009811494485288046
      ],
      [
        0.12750187618170908,
        0.15663360304205826,
        0.009816284622092167,
        0.021427457109767116,
        0.6748044944222813,
        0.009816284622092167
      ],
      [
        0.7118685678958743,
        0.1834024180344835,
        0.009810644702885937,
        0.021974181160151426,
        0.06313354350371901,
        0.009810644702885937
      ],
      [
        0.1384633477055974,
        0.183008247576625,
        0.009814974396710098,
        0.02221974946529344,
        0.6366787064590639,
        0.009814974396710098
      ],
      [
        0.14429807689350502,
        0.18057821086214587,
        0.009812460921916885,
        0.020636529783540514,
        0.6348622606169748,
        0.009812460921916885
      ],
      [
        0.6611302837731202,
        0.09051848505196469,
        0.10028123094791229,
        0.018174937054144243,
        0.11998692848607363,
        0.009908134686784826
      ],
      [
        0.9523696716146364,
        0.009526065677072721,
        0.009526065677072721,
        0.009526065677072721,
        0.009526065677072721,
        0.009526065677072721
      ],
      [
        0.9523696716146364,
        0.009526065677072721,
        0.009526065677072721,
        0.009526065677072721,
        0.009526065677072721,
        0.009526065677072721
      ],
      [
        0.6972443825019804,
        0.0919692016671297,
        0.09497038599120487,
        0.016787020449519803,
        0.0891229355179038,
        0.009906073872261417
      ],
      [
        0.6980651657211581,
        0.21554831386634438,
        0.009812647338006504,
        0.020346188386069764,
        0.04641503735041475,
        0.009812647338006504
      ],
      [
        0.8055184655796304,
        0.13786217263321124,
        0.009811454747774598,
        0.014874179193030895,
        0.022122273098578202,
        0.009811454747774598
      ],
      [
        0.03304234200542233,
        0.0765844861493869,
        0.05935566386077573,
        0.009896970480055828,
        0.8112235670243034,
        0.009896970480055828
      ],
      [
        0.9523696716146364,
        0.009526065677072721,
        0.009526065677072721,
        0.009526065677072721,
        0.009526065677072721,
        0.009526065677072721
      ]
    ],
    [
      [
        0.9523696716146364,
        0.009526065677072721,
        0.009526065677072721,
        0.009526065677072721,
        0.009526065677072721,
        0.009526065677072721
      ],
      [
        0.9523696716146364,
        0.009526065677072721,
        0.009526065677072721,
        0.009526065677072721,
        0.009526065677072721,
        0.009526065677072721
      ],
      [
        0.9523696716146364,
        0.009526065677072721,
        0.009526065677072721,
        0.009526065677072721,
        0.009526065677072721,
        0.009526065677072721
      ],
      [
        0.9523696716146364,
        0.009526065677072721,
        0.009526065677072721,
        0.009526065677072721,
        0.009526065677072721,
        0.009526065677072721
      ],
      [
        0.8758165683473019,
        0.06029800043857439,
        0.03432109706206548,
        0.009854778050686028,
        0.009854778050686028,
        0.009854778050686028
      ],
      [
        0.029365406804440525,
        0.06422303108657719,
        0.04079511773102696,
        0.009899558212405544,
        0.8458173279531442,
        0.009899558212405544
      ],
      [
        0.8717018647006396,
        0.0892355046324963,
        0.009765657666716004,
        0.009765657666716004,
        0.009765657666716004,
        0.009765657666716004
      ],
      [
        0.8383299600998207,
        0.11249070500414825,
        0.009810769505749618,
        0.011934898700733007,
        0.01762289718379893,
        0.009810769505749618
      ],
      [
        0.8478797588903673,
        0.11305761044276877,
        0.009765657666716006,
        0.009765657666716006,
        0.009765657666716006,
        0.009765657666716006
      ],
      [
        0.021908283885602887,
        0.08984075800535496,
        0.009799737250585638,
        0.009799737250585638,
        0.8588517463572852,
        0.009799737250585638
      ],
      [
        0.8478797588903673,
        0.11305761044276877,
        0.009765657666716006,
        0.009765657666716006,
        0.009765657666716006,
        0.009765657666716006
      ],
      [
        0.8383299600998207,
        0.11249070500414825,
        0.009810769505749618,
        0.011934898700733007,
        0.01762289718379893,
        0.009810769505749618
      ],
      [
        0.04638384526908397,
        0.13668098420254443,
        0.009816539666816455,
        0.015583158791066703,
        0.7817189324036721,
        0.009816539666816455
      ],
      [
        0.06275207749045154,
        0.18383288084368646,
        0.009816136843614218,
        0.015125519199763416,
        0.7186572487788702,
        0.009816136843614218
      ],
      [
        0.7428822495973837,
        0.18991602841396515,
        0.009811668126770786,
        0.01647270215678967,
        0.031105683578319967,
        0.009811668126770786
      ],
      [
        0.6908744714518137,
        0.23603709317478266,
        0.009810617490521973,
        0.018199228811078667,
        0.03526797158128115,
        0.009810617490521973
      ],
      [
        0.6492907924292408,
        0.27053214378397883,
        0.0098115345512805,
        0.019083789059376945,
        0.041470205624842466,
        0.0098115345512805
      ],
      [
        0.07838213005922534,
        0.24248266600395987,
        0.009815749543766874,
        0.020505480889354274,
        0.6389982239599268,
        0.009815749543766874
      ],
      [
        0.7425665895543231,
        0.17104689003317936,
        0.009812647338006504,
        0.020346188386069764,
        0.04641503735041475,
        0.009812647338006504
      ],
      [
        0.09957607948175595,
        0.1657650714707406,
        0.00981797449657815,
        0.02018690901645966,
        0.6948359910378875,
        0.00981797449657815
      ],
      [
        0.7425665895543231,
        0.17104689003317936,
        0.009812647338006504,
        0.020346188386069764,
        0.04641503735041475,
        0.009812647338006504
      ],
      [
        0.10883823099605167,
        0.18400649669224245,
        0.009817440388726919,
        0.021054061953767304,
        0.6664663295804846,
        0.009817440388726919
      ],
      [
        0.678527860074617,
        0.22293796221969403,
        0.009810996790944144,
        0.021378722976978317,
        0.057533461146822236,
        0.009810996790944144
      ],
      [
        0.6714883960688848,
        0.2305888263284364,
        0.00980945017623131,
        0.020691654153482602,
        0.05761222309673365,
        0.00980945017623131
      ],
      [
        0.678527860074617,
        0.22293796221969403,
        0.009810996790944144,
        0.021378722976978317,
        0.057533461146822236,
        0.009810996790944144
      ],
      [
        0.6432925984593346,
        0.251978387471023,
        0.009810644702885936,
        0.021974181160151422,
        0.063133543503719,
        0.009810644702885936
      ],
      [
        0.7056798885854911,
        0.190402352220064,
        0.009808711684304776,
        0.020970994899981953,
        0.06332934092585328,
        0.009808711684304776
      ],
      [
        0.6775805831776046,
        0.1834024180344835,
        0.009810644702885937,
        0.021974181160151426,
        0.09742152822198878,
        0.009810644702885937
      ],
      [
        0.6775805831776044,
        0.21769040275275325,
        0.009810644702885936,
        0.021974181160151422,
        0.063133543503719,
        0.009810644702885936
      ],
      [
        0.7056798885854911,
        0.190402352220064,
        0.009808711684304776,
        0.020970994899981953,
        0.06332934092585328,
        0.009808711684304776
      ],
      [
        0.6986596261800804,
        0.19526807767009483,
        0.009808834095543336,
        0.021506907941010848,
        0.06494772001772742,
        0.009808834095543336
      ],
      [
        0.5643458438299642,
        0.06943285289879061,
        0.13169183384093974,
        0.015553096405846798,
        0.20906427069503086,
        0.009912102329427738
      ],
      [
        0.9523696716146364,
        0.009526065677072721,
        0.009526065677072721,
        0.009526065677072721,
        0.009526065677072721,
        0.009526065677072721
      ],
      [
        0.9523696716146364,
        0.009526065677072721,
        0.009526065677072721,
        0.009526065677072721,
        0.009526065677072721,
        0.009526065677072721
      ],
      [
        0.10200752171343815,
        0.13868792198401395,
        0.10708488405562505,
        0.016797091863628422,
        0.6255157050346802,
        0.009906875348614208
      ],
      [
        0.712611822591574,
        0.19514498811634315,
        0.009811762189059449,
        0.020902866061329798,
        0.051716798852634215,
        0.009811762189059449
      ],
      [
        0.6980651657211581,
        0.21554831386634438,
        0.009812647338006504,
        0.020346188386069764,
        0.04641503735041475,
        0.009812647338006504
      ],
      [
        0.09957607948175595,
        0.1657650714707406,
        0.00981797449657815,
        0.02018690901645966,
        0.6948359910378875,
        0.00981797449657815
      ],
      [
        0.8084219127874847,
        0.08427396614931365,
        0.06685719323511605,
        0.012710497720141167,
        0.017830265536452544,
        0.009906164571492059
      ],
      [
        0.9523696716146364,
        0.009526065677072721,
        0.009526065677072721,
        0.009526065677072721,
        0.009526065677072721,
        0.009526065677072721
      ]
    ],
    [
      [
        0.9523696716146364,
        0.009526065677072721,
        0.009526065677072721,
        0.009526065677072721,
        0.009526065677072721,
        0.009526065677072721
      ],
      [
        0.029365406804440525,
        0.06422303108657719,
        0.04079511773102696,
        0.009899558212405544,
        0.8458173279531442,
        0.009899558212405544
      ],
      [
        0.7751073874061005,
        0.08096746193996021,
        0.10359065336065759,
        0.01310396900729556,
        0.017324884798038676,
        0.009905643487947612
      ],
      [
        0.04049395852057224,
        0.08395094156990679,
        0.06618424241593902,
        0.011354923219526775,
        0.7881088337771515,
        0.009907100496903775
      ],
      [
        0.9523696716146364,
        0.009526065677072721,
        0.009526065677072721,
        0.009526065677072721,
        0.009526065677072721,
        0.009526065677072721
      ],
      [
        0.9523696716146364,
        0.009526065677072721,
        0.009526065677072721,
        0.009526065677072721,
        0.009526065677072721,
        0.009526065677072721
      ],
      [
        0.8221066156769329,
        0.08096746193996021,
        0.056591425089825245,
        0.01310396900729556,
        0.017324884798038676,
        0.009905643487947612
      ],
      [
        0.8055184655796304,
        0.13786217263321124,
        0.009811454747774598,
        0.014874179193030895,
        0.022122273098578202,
        0.009811454747774598
      ],
      [
        0.8383299600998207,
        0.11249070500414825,
        0.009810769505749618,
        0.011934898700733007,
        0.01762289718379893,
        0.009810769505749618
      ],
      [
        0.8717018647006396,
        0.0892355046324963,
        0.009765657666716004,
        0.009765657666716004,
        0.009765657666716004,
        0.009765657666716004
      ],
      [
        0.8383299600998207,
        0.11249070500414825,
        0.009810769505749618,
        0.011934898700733007,
        0.01762289718379893,
        0.009810769505749618
      ],
      [
        0.8055184655796304,
        0.13786217263321124,
        0.009811454747774598,
        0.014874179193030895,
        0.022122273098578202,
        0.009811454747774598
      ],
      [
        0.7428822495973837,
        0.18991602841396515,
        0.009811668126770786,
        0.01647270215678967,
        0.031105683578319967,
        0.009811668126770786
      ],
      [
        0.7428822495973837,
        0.18991602841396515,
        0.009811668126770786,
        0.01647270215678967,
        0.031105683578319967,
        0.009811668126770786
      ],
      [
        0.6908744714518137,
        0.23603709317478266,
        0.009810617490521973,
        0.018199228811078667,
        0.03526797158128115,
        0.009810617490521973
      ],
      [
        0.6492907924292408,
        0.27053214378397883,
        0.0098115345512805,
        0.019083789059376945,
        0.041470205624842466,
        0.0098115345512805
      ],
      [
        0.6306108615846626,
        0.27523419649341874,
        0.009812784082009448,
        0.02075839480690218,
        0.05377097895099755,
        0.009812784082009448
      ],
      [
        0.6492907924292408,
        0.27053214378397883,
        0.0098115345512805,
        0.019083789059376945,
        0.041470205624842466,
        0.0098115345512805
      ],
      [
        0.6726246583883962,
        0.23513215231952084,
        0.009811762189059449,
        0.020902866061329798,
        0.051716798852634215,
        0.009811762189059449
      ],
      [
        0.09957607948175595,
        0.1657650714707406,
        0.00981797449657815,
        0.02018690901645966,
        0.6948359910378875,
        0.00981797449657815
      ],
      [
        0.7425665895543231,
        0.17104689003317936,
        0.009812647338006504,
        0.020346188386069764,
        0.04641503735041475,
        0.009812647338006504
      ],
      [
        0.7425665895543231,
        0.17104689003317936,
        0.009812647338006504,
        0.020346188386069764,
        0.04641503735041475,
        0.009812647338006504
      ],
      [
        0.712611822591574,
        0.19514498811634315,
        0.009811762189059449,
        0.020902866061329798,
        0.051716798852634215,
        0.009811762189059449
      ],
      [
        0.12029966168678659,
        0.2202841488744962,
        0.009815980639823451,
        0.02161177129954086,
        0.6181724568595295,
        0.009815980639823451
      ],
      [
        0.1384633477055974,
        0.2393776707981261,
        0.009814974396710098,
        0.02221974946529344,
        0.5803092832375629,
        0.009814974396710098
      ],
      [
        0.13816073977490026,
        0.21459618202603012,
        0.009812097723106197,
        0.01975880956046929,
        0.6078600731923879,
        0.009812097723106197
      ],
      [
        0.45234167924906066,
        0.3041885143803174,
        0.009809873878580464,
        0.02603105262761401,
        0.1978190059858471,
        0.009809873878580464
      ],
      [
        0.7056798885854911,
        0.190402352220064,
        0.009808711684304776,
        0.020970994899981953,
        0.06332934092585328,
        0.009808711684304776
      ],
      [
        0.13816073977490026,
        0.17289779418442805,
        0.009812097723106197,
        0.01975880956046929,
        0.64955846103399,
        0.009812097723106197
      ],
      [
        0.48269846000941813,
        0.2738317336199599,
        0.009809873878580464,
        0.02603105262761401,
        0.1978190059858471,
        0.009809873878580464
      ],
      [
        0.6986596261800804,
        0.19526807767009483,
        0.009808834095543336,
        0.021506907941010848,
        0.06494772001772742,
        0.009808834095543336
      ],
      [
        0.6718976985705483,
        0.14925895833892916,
        0.09795982362832659,
        0.016444867275810775,
        0.05453107833358638,
        0.009907573852799003
      ],
      [
        0.9523696716146364,
        0.009526065677072721,
        0.009526065677072721,
        0.009526065677072721,
        0.009526065677072721,
        0.009526065677072721
      ],
      [
        0.9523696716146364,
        0.009526065677072721,
        0.009526065677072721,
        0.009526065677072721,
        0.009526065677072721,
        0.009526065677072721
      ],
      [
        0.7383936118404599,
        0.0827630450690173,
        0.09795982362832656,
        0.016444867275810772,
        0.05453107833358637,
        0.009907573852799001
      ],
      [
        0.7021369410982439,
        0.1900491483756111,
        0.009810888357582218,
        0.022770552648618665,
        0.06542158116236191,
        0.009810888357582218
      ],
      [
        0.10883823099605167,
        0.18400649669224245,
        0.009817440388726919,
        0.021054061953767304,
        0.6664663295804846,
        0.009817440388726919
      ],
      [
        0.7425665895543231,
        0.17104689003317936,
        0.009812647338006504,
        0.020346188386069764,
        0.04641503735041475,
        0.009812647338006504
      ],
      [
        0.7371534392909624,
        0.09989309029406683,
        0.10814709050708074,
        0.014885772272327517,
        0.030013232835486455,
        0.009907374800075981
      ],
      [
        0.9523696716146364,
        0.009526065677072721,
        0.009526065677072721,
        0.009526065677072721,
        0.009526065677072721,
        0.009526065677072721
      ]
    ],
    [
      [
        0.9523696716146364,
        0.009526065677072721,
        0.009526065677072721,
        0.009526065677072721,
        0.009526065677072721,
        0.009526065677072721
      ],
      [
        0.8221066156769329,
        0.08096746193996021,
        0.056591425089825245,
        0.01310396900729556,
        0.017324884798038676,
        0.009905643487947612
      ],
      [
        0.04638384526908397,
        0.13668098420254443,
        0.009816539666816455,
        0.015583158791066703,
        0.7817189324036721,
        0.009816539666816455
      ],
      [
        0.7428822495973837,
        0.18991602841396515,
        0.009811668126770786,
        0.01647270215678967,
        0.031105683578319967,
        0.009811668126770786
      ],
      [
        0.04049395852057224,
        0.08395094156990679,
        0.06618424241593902,
        0.011354923219526775,
        0.7881088337771515,
        0.009907100496903775
      ],
      [
        0.9523696716146364,
        0.009526065677072721,
        0.009526065677072721,
        0.009526065677072721,
        0.009526065677072721,
        0.009526065677072721
      ],
      [
        0.04049395852057224,
        0.08395094156990679,
        0.06618424241593902,
        0.011354923219526775,
        0.7881088337771515,
        0.009907100496903775
      ],
      [
        0.06275207749045154,
        0.18383288084368646,
        0.009816136843614218,
        0.015125519199763416,
