{
  "prediction": [
    [
      [
        0.9519365375641624,
        0.009612692487167524,
        0.009612692487167524,
        0.009612692487167524,
        0.009612692487167524,
        0.009612692487167524
      ],
      [
        0.9519365375641624,
        0.009612692487167524,
        0.009612692487167524,
        0.009612692487167524,
        0.009612692487167524,
        0.009612692487167524
      ],
      [
        0.9519365375641624,
        0.009612692487167524,
        0.009612692487167524,
        0.009612692487167524,
        0.009612692487167524,
        0.009612692487167524
      ],
      [
        0.9519365375641624,
        0.009612692487167524,
        0.009612692487167524,
        0.009612692487167524,
        0.009612692487167524,
        0.009612692487167524
      ],
      [
        0.9519365375641624,
        0.009612692487167524,
        0.009612692487167524,
        0.009612692487167524,
        0.009612692487167524,
        0.009612692487167524
      ],
      [
        0.9519365375641624,
        0.009612692487167524,
        0.009612692487167524,
        0.009612692487167524,
        0.009612692487167524,
        0.009612692487167524
      ],
      [
        0.9519365375641624,
        0.009612692487167524,
        0.009612692487167524,
        0.009612692487167524,
        0.009612692487167524,
        0.009612692487167524
      ],
      [
        0.9519365375641624,
        0.009612692487167524,
        0.009612692487167524,
        0.009612692487167524,
        0.009612692487167524,
        0.009612692487167524
      ],
      [
        0.9519365375641624,
        0.009612692487167524,
        0.009612692487167524,
        0.009612692487167524,
        0.009612692487167524,
        0.009612692487167524
      ],
      [
        0.9519365375641624,
        0.009612692487167524,
        0.009612692487167524,
        0.009612692487167524,
        0.009612692487167524,
        0.009612692487167524
      ],
      [
        0.9519365375641624,
        0.009612692487167524,
        0.009612692487167524,
        0.009612692487167524,
        0.009612692487167524,
        0.009612692487167524
      ],
      [
        0.9519365375641624,
        0.009612692487167524,
        0.009612692487167524,
        0.009612692487167524,
        0.009612692487167524,
        0.009612692487167524
      ],
      [
        0.9519365375641624,
        0.009612692487167524,
        0.009612692487167524,
        0.009612692487167524,
        0.009612692487167524,
        0.009612692487167524
      ],
      [
        0.9519365375641624,
        0.009612692487167524,
        0.009612692487167524,
        0.009612692487167524,
        0.009612692487167524,
        0.009612692487167524
      ],
      [
        0.9519365375641624,
        0.009612692487167524,
        0.009612692487167524,
        0.009612692487167524,
        0.009612692487167524,
        0.009612692487167524
      ],
      [
        0.9519365375641624,
        0.009612692487167524,
        0.009612692487167524,
        0.009612692487167524,
        0.009612692487167524,
        0.009612692487167524
      ],
      [
        0.9519365375641624,
        0.009612692487167524,
        0.009612692487167524,
        0.009612692487167524,
        0.009612692487167524,
        0.009612692487167524
      ],
      [
        0.9519365375641624,
        0.009612692487167524,
        0.009612692487167524,
        0.009612692487167524,
        0.009612692487167524,
        0.009612692487167524
      ],
      [
        0.9519365375641624,
        0.009612692487167524,
        0.009612692487167524,
        0.009612692487167524,
        0.009612692487167524,
        0.009612692487167524
      ],
      [
        0.9519365375641624,
        0.009612692487167524,
        0.009612692487167524,
        0.009612692487167524,
        0.009612692487167524,
        0.009612692487167524
      ],
      [
        0.9519365375641624,
        0.009612692487167524,
        0.009612692487167524,
        0.009612692487167524,
        0.009612692487167524,
        0.009612692487167524
      ],
      [
        0.9519365375641624,
        0.009612692487167524,
        0.009612692487167524,
        0.009612692487167524,
        0.009612692487167524,
        0.009612692487167524
      ],
      [
        0.9519365375641624,
        0.009612692487167524,
        0.009612692487167524,
        0.009612692487167524,
        0.009612692487167524,
        0.009612692487167524
      ],
      [
        0.9519365375641624,
        0.009612692487167524,
        0.009612692487167524,
        0.009612692487167524,
        0.009612692487167524,
        0.009612692487167524
      ],
      [
        0.9519365375641624,
        0.009612692487167524,
        0.009612692487167524,
        0.009612692487167524,
        0.009612692487167524,
        0.009612692487167524
      ],
      [
        0.9519450800915331,
        0.009610983981693366,
        0.009610983981693366,
        0.009610983981693366,
        0.009610983981693366,
        0.009610983981693366
      ],
      [
        0.9519450800915331,
        0.009610983981693366,
        0.009610983981693366,
        0.009610983981693366,
        0.009610983981693366,
        0.009610983981693366
      ],
      [
        0.9519450800915331,
        0.009610983981693366,
        0.009610983981693366,
        0.009610983981693366,
        0.009610983981693366,
        0.009610983981693366
      ],
      [
        0.9519450800915331,
        0.009610983981693366,
        0.009610983981693366,
        0.009610983981693366,
        0.009610983981693366,
        0.009610983981693366
      ],
      [
        0.9519450800915331,
        0.009610983981693366,
        0.009610983981693366,
        0.009610983981693366,
        0.009610983981693366,
        0.009610983981693366
      ],
      [
        0.9519365375641624,
        0.009612692487167524,
        0.009612692487167524,
        0.009612692487167524,
        0.009612692487167524,
        0.009612692487167524
      ],
      [
        0.9519365375641624,
        0.009612692487167524,
        0.009612692487167524,
        0.009612692487167524,
        0.009612692487167524,
        0.009612692487167524
      ],
      [
        0.9519365375641624,
        0.009612692487167524,
        0.009612692487167524,
        0.009612692487167524,
        0.009612692487167524,
        0.009612692487167524
      ],
      [
        0.9519365375641624,
        0.009612692487167524,
        0.009612692487167524,
        0.009612692487167524,
        0.009612692487167524,
        0.009612692487167524
      ],
      [
        0.9519365375641624,
        0.009612692487167524,
        0.009612692487167524,
        0.009612692487167524,
        0.009612692487167524,
        0.009612692487167524
      ],
      [
        0.9519365375641624,
        0.009612692487167524,
        0.009612692487167524,
        0.009612692487167524,
        0.009612692487167524,
        0.009612692487167524
      ],
      [
        0.9519365375641624,
        0.009612692487167524,
        0.009612692487167524,
        0.009612692487167524,
        0.009612692487167524,
        0.009612692487167524
      ],
      [
        0.9519365375641624,
        0.009612692487167524,
        0.009612692487167524,
        0.009612692487167524,
        0.009612692487167524,
        0.009612692487167524
      ],
      [
        0.9519365375641624,
        0.009612692487167524,
        0.009612692487167524,
        0.009612692487167524,
        0.009612692487167524,
        0.009612692487167524
      ],
      [
        0.9519365375641624,
        0.009612692487167524,
        0.009612692487167524,
        0.009612692487167524,
        0.009612692487167524,
        0.009612692487167524
      ]
    ],
    [
      [
        0.9519365375641624,
        0.009612692487167524,
        0.009612692487167524,
        0.009612692487167524,
        0.009612692487167524,
        0.009612692487167524
      ],
      [
        0.7317073170731707,
        0.08536585365853658,
        0.024390243902439022,
        0.05609756097560975,
        0.07804878048780488,
        0.024390243902439022
      ],
      [
        0.4878048780487804,
        0.32926829268292684,
        0.024390243902439022,
        0.05609756097560975,
        0.07804878048780488,
        0.024390243902439022
      ],
      [
        0.4800000000000001,
        0.09200000000000001,
        0.26400000000000007,
        0.06000000000000001,
        0.08,
        0.024000000000000004
      ],
      [
        0.45112781954887227,
        0.34210526315789475,
        0.02255639097744361,
        0.07443609022556393,
        0.08721804511278197,
        0.02255639097744361
      ],
      [
        0.46875,
        0.10156249999999999,
        0.2578125,
        0.065625,
        0.0828125,
        0.0234375
      ],
      [
        0.47619047619047616,
        0.09523809523809522,
        0.2619047619047619,
        0.06190476190476191,
        0.08095238095238096,
        0.023809523809523808
      ],
      [
        0.6976744186046512,
        0.10465116279069767,
        0.023255813953488375,
        0.06744186046511629,
        0.08372093023255815,
        0.023255813953488375
      ],
      [
        0.6976744186046512,
        0.10465116279069767,
        0.023255813953488375,
        0.06744186046511629,
        0.08372093023255815,
        0.023255813953488375
      ],
      [
        0.6716417910447762,
        0.11940298507462688,
        0.022388059701492543,
        0.07611940298507466,
        0.08805970149253733,
        0.022388059701492543
      ],
      [
        0.6818181818181818,
        0.1136363636363636,
        0.022727272727272728,
        0.07272727272727274,
        0.08636363636363638,
        0.022727272727272728
      ],
      [
        0.661764705882353,
        0.125,
        0.022058823529411766,
        0.07941176470588235,
        0.08970588235294119,
        0.022058823529411766
      ],
      [
        0.6164383561643836,
        0.15068493150684933,
        0.020547945205479454,
        0.0945205479452055,
        0.09726027397260276,
        0.020547945205479454
      ],
      [
        0.6040268456375839,
        0.15771812080536912,
        0.020134228187919465,
        0.09865771812080536,
        0.09932885906040269,
        0.020134228187919465
      ],
      [
        0.3896103896103897,
        0.36363636363636376,
        0.019480519480519487,
        0.10519480519480523,
        0.10259740259740263,
        0.019480519480519487
      ],
      [
        0.5769230769230769,
        0.17307692307692307,
        0.019230769230769232,
        0.1076923076923077,
        0.10384615384615385,
        0.019230769230769232
      ],
      [
        0.5769230769230769,
        0.1730769230769231,
        0.019230769230769232,
        0.1076923076923077,
        0.10384615384615385,
        0.019230769230769232
      ],
      [
        0.3846153846153846,
        0.3653846153846154,
        0.019230769230769232,
        0.1076923076923077,
        0.10384615384615385,
        0.019230769230769232
      ],
      [
        0.5882352941176471,
        0.16666666666666669,
        0.019607843137254905,
        0.103921568627451,
        0.1019607843137255,
        0.019607843137254905
      ],
      [
        0.08017960230917255,
        0.009942270686337398,
        0.08819756254008983,
        0.009942270686337398,
        0.8017960230917256,
        0.009942270686337398
      ],
      [
        0.6766917293233082,
        0.11654135338345865,
        0.022556390977443608,
        0.07443609022556393,
        0.08721804511278196,
        0.022556390977443608
      ],
      [
        0.4800000000000001,
        0.332,
        0.024000000000000004,
        0.06000000000000001,
        0.08,
        0.024000000000000004
      ],
      [
        0.7317073170731707,
        0.08536585365853658,
        0.024390243902439022,
        0.05609756097560975,
        0.07804878048780488,
        0.024390243902439022
      ],
      [
        0.7142857142857143,
        0.09523809523809522,
        0.023809523809523808,
        0.06190476190476191,
        0.08095238095238096,
        0.023809523809523808
      ],
      [
        0.08017960230917254,
        0.0881975625400898,
        0.009942270686337396,
        0.009942270686337396,
        0.8017960230917254,
        0.009942270686337396
      ],
      [
        0.5882352941176471,
        0.26470588235294124,
        0.019607843137254905,
        0.04509803921568628,
        0.06274509803921569,
        0.019607843137254905
      ],
      [
        0.7741935483870966,
        0.07419354838709676,
        0.01935483870967742,
        0.04838709677419354,
        0.06451612903225805,
        0.01935483870967742
      ],
      [
        0.75,
        0.08750000000000001,
        0.018750000000000003,
        0.05625000000000001,
        0.06875,
        0.018750000000000003
      ],
      [
        0.07387706855791962,
        0.00989952718676123,
        0.00989952718676123,
        0.00989952718676123,
        0.8865248226950355,
        0.00989952718676123
      ],
      [
        0.5521472392638036,
        0.09509202453987728,
        0.20245398773006135,
        0.06073619631901841,
        0.07116564417177915,
        0.018404907975460124
      ],
      [
        0.45801526717557256,
        0.11068702290076336,
        0.2519083969465649,
        0.07099236641221375,
        0.08549618320610688,
        0.02290076335877863
      ],
      [
        0.45801526717557256,
        0.11068702290076336,
        0.2519083969465649,
        0.07099236641221376,
        0.08549618320610688,
        0.02290076335877863
      ],
      [
        0.44117647058823517,
        0.34558823529411764,
        0.022058823529411763,
        0.07941176470588236,
        0.08970588235294118,
        0.022058823529411763
      ],
      [
        0.16005121638924458,
        0.009923175416133164,
        0.009923175416133164,
        0.009923175416133164,
        0.8002560819462229,
        0.009923175416133164
      ],
      [
        0.6666666666666666,
        0.12222222222222223,
        0.022222222222222223,
        0.07777777777777778,
        0.08888888888888889,
        0.022222222222222223
      ],
      [
        0.4444444444444444,
        0.34444444444444444,
        0.022222222222222223,
        0.07777777777777778,
        0.08888888888888889,
        0.022222222222222223
      ],
      [
        0.703125,
        0.10156249999999999,
        0.0234375,
        0.065625,
        0.0828125,
        0.0234375
      ],
      [
        0.7142857142857143,
        0.09523809523809522,
        0.023809523809523808,
        0.06190476190476191,
        0.08095238095238096,
        0.023809523809523808
      ],
      [
        0.7142857142857143,
        0.09523809523809522,
        0.023809523809523808,
        0.06190476190476191,
        0.08095238095238096,
        0.023809523809523808
      ],
      [
        0.9519365375641624,
        0.009612692487167524,
        0.009612692487167524,
        0.009612692487167524,
        0.009612692487167524,
        0.009612692487167524
      ]
    ],
    [
      [
        0.9519365375641624,
        0.009612692487167524,
        0.009612692487167524,
        0.009612692487167524,
        0.009612692487167524,
        0.009612692487167524
      ],
      [
        0.7317073170731707,
        0.08536585365853658,
        0.024390243902439022,
        0.05609756097560975,
        0.07804878048780488,
        0.024390243902439022
      ],
      [
        0.4800000000000001,
        0.332,
        0.024000000000000004,
        0.06000000000000001,
        0.08,
        0.024000000000000004
      ],
      [
        0.08002560819462229,
        0.009923175416133164,
        0.009923175416133164,
        0.009923175416133164,
        0.8802816901408452,
        0.009923175416133164
      ],
      [
        0.08017960230917254,
        0.0881975625400898,
        0.009942270686337396,
        0.009942270686337396,
        0.8017960230917254,
        0.009942270686337396
      ],
      [
        0.6766917293233083,
        0.11654135338345865,
        0.02255639097744361,
        0.07443609022556393,
        0.08721804511278197,
        0.02255639097744361
      ],
      [
        0.703125,
        0.10156249999999999,
        0.0234375,
        0.065625,
        0.0828125,
        0.0234375
      ],
      [
        0.6976744186046512,
        0.10465116279069767,
        0.023255813953488375,
        0.06744186046511629,
        0.08372093023255815,
        0.023255813953488375
      ],
      [
        0.6870229007633588,
        0.11068702290076336,
        0.02290076335877863,
        0.07099236641221376,
        0.08549618320610688,
        0.02290076335877863
      ],
      [
        0.6474820143884891,
        0.1330935251798561,
        0.021582733812949634,
        0.08417266187050361,
        0.0920863309352518,
        0.021582733812949634
      ],
      [
        0.6521739130434783,
        0.13043478260869565,
        0.02173913043478261,
        0.08260869565217392,
        0.09130434782608696,
        0.02173913043478261
      ],
      [
        0.08002560819462229,
        0.009923175416133164,
        0.009923175416133164,
        0.009923175416133164,
        0.8802816901408452,
        0.009923175416133164
      ],
      [
        0.08002560819462229,
        0.009923175416133164,
        0.009923175416133164,
        0.009923175416133164,
        0.8802816901408452,
        0.009923175416133164
      ],
      [
        0.08002560819462229,
        0.009923175416133164,
        0.009923175416133164,
        0.009923175416133164,
        0.8802816901408452,
        0.009923175416133164
      ],
      [
        0.5357142857142857,
        0.19642857142857142,
        0.01785714285714286,
        0.12142857142857144,
        0.11071428571428571,
        0.01785714285714286
      ],
      [
        0.08064516129032258,
        0.6451612903225806,
        0.08064516129032258,
        0.16129032258064516,
        0.016129032258064516,
        0.016129032258064516
      ],
      [
        0.3614457831325301,
        0.19277108433734944,
        0.01807228915662651,
        0.30000000000000004,
        0.10963855421686748,
        0.01807228915662651
      ],
      [
        0.5421686746987951,
        0.19277108433734938,
        0.018072289156626505,
        0.11927710843373496,
        0.10963855421686747,
        0.018072289156626505
      ],
      [
        0.5521472392638037,
        0.18711656441717792,
        0.018404907975460127,
        0.11595092024539878,
        0.1079754601226994,
        0.018404907975460127
      ],
      [
        0.392156862745098,
        0.3627450980392157,
        0.0196078431372549,
        0.10392156862745097,
        0.10196078431372547,
        0.0196078431372549
      ],
      [
        0.6428571428571428,
        0.1357142857142857,
        0.02142857142857143,
        0.0857142857142857,
        0.09285714285714286,
        0.02142857142857143
      ],
      [
        0.4615384615384615,
        0.3384615384615385,
        0.023076923076923078,
        0.06923076923076925,
        0.08461538461538462,
        0.023076923076923078
      ],
      [
        0.08002560819462229,
        0.009923175416133164,
        0.009923175416133164,
        0.009923175416133164,
        0.8802816901408452,
        0.009923175416133164
      ],
      [
        0.7142857142857143,
        0.09523809523809522,
        0.023809523809523808,
        0.06190476190476191,
        0.08095238095238096,
        0.023809523809523808
      ],
      [
        0.7317073170731707,
        0.08536585365853658,
        0.024390243902439022,
        0.05609756097560975,
        0.07804878048780488,
        0.024390243902439022
      ],
      [
        0.5806451612903226,
        0.07419354838709678,
        0.019354838709677424,
        0.24193548387096778,
        0.06451612903225806,
        0.019354838709677424
      ],
      [
        0.5625,
        0.275,
        0.018750000000000003,
        0.05625000000000001,
        0.06875,
        0.018750000000000003
      ],
      [
        0.5454545454545455,
        0.28181818181818186,
        0.018181818181818184,
        0.06363636363636364,
        0.07272727272727274,
        0.018181818181818184
      ],
      [
        0.14812620352540365,
        0.08146941193897202,
        0.009924455636202046,
        0.009924455636202046,
        0.7406310176270182,
        0.009924455636202046
      ],
      [
        0.35714285714285715,
        0.28571428571428575,
        0.01785714285714286,
        0.06785714285714287,
        0.25357142857142856,
        0.01785714285714286
      ],
      [
        0.6521739130434783,
        0.13043478260869565,
        0.02173913043478261,
        0.08260869565217392,
        0.09130434782608697,
        0.02173913043478261
      ],
      [
        0.08002560819462229,
        0.009923175416133164,
        0.009923175416133164,
        0.009923175416133164,
        0.8802816901408452,
        0.009923175416133164
      ],
      [
        0.6382978723404255,
        0.13829787234042556,
        0.02127659574468085,
        0.08723404255319149,
        0.09361702127659575,
        0.02127659574468085
      ],
      [
        0.08002560819462229,
        0.009923175416133164,
        0.009923175416133164,
        0.009923175416133164,
        0.8802816901408452,
        0.009923175416133164
      ],
      [
        0.6206896551724138,
        0.14827586206896556,
        0.020689655172413796,
        0.09310344827586206,
        0.09655172413793105,
        0.020689655172413796
      ],
      [
        0.08017960230917254,
        0.0881975625400898,
        0.009942270686337396,
        0.009942270686337396,
        0.8017960230917254,
        0.009942270686337396
      ],
      [
        0.4444444444444444,
        0.34444444444444444,
        0.022222222222222223,
        0.07777777777777778,
        0.08888888888888889,
        0.022222222222222223
      ],
      [
        0.703125,
        0.10156249999999999,
        0.0234375,
        0.065625,
        0.0828125,
        0.0234375
      ],
      [
        0.47619047619047616,
        0.09523809523809522,
        0.2619047619047619,
        0.06190476190476191,
        0.08095238095238096,
        0.023809523809523808
      ],
      [
        0.9519365375641624,
        0.009612692487167524,
        0.009612692487167524,
        0.009612692487167524,
        0.009612692487167524,
        0.009612692487167524
      ]
    ],
    [
      [
        0.9519365375641624,
        0.009612692487167524,
        0.009612692487167524,
        0.009612692487167524,
        0.009612692487167524,
        0.009612692487167524
      ],
      [
        0.7200000000000001,
        0.09200000000000001,
        0.024000000000000004,
        0.06000000000000001,
        0.08,
        0.024000000000000004
      ],
      [
        0.45112781954887216,
        0.3421052631578947,
        0.022556390977443608,
        0.07443609022556393,
        0.08721804511278196,
        0.022556390977443608
      ],
      [
        0.4347826086956521,
        0.34782608695652173,
        0.021739130434782608,
        0.08260869565217391,
        0.09130434782608696,
        0.021739130434782608
      ],
      [
        0.08017960230917254,
        0.0881975625400898,
        0.009942270686337396,
        0.009942270686337396,
        0.8017960230917254,
        0.009942270686337396
      ],
      [
        0.425531914893617,
        0.351063829787234,
        0.02127659574468085,
        0.08723404255319149,
        0.09361702127659575,
        0.02127659574468085
      ],
      [
        0.4411764705882353,
        0.34558823529411764,
        0.022058823529411766,
        0.07941176470588235,
        0.08970588235294119,
        0.022058823529411766
      ],
      [
        0.4347826086956522,
        0.34782608695652173,
        0.02173913043478261,
        0.08260869565217392,
        0.09130434782608696,
        0.02173913043478261
      ],
      [
        0.6474820143884891,
        0.1330935251798561,
        0.021582733812949634,
        0.08417266187050361,
        0.0920863309352518,
        0.021582733812949634
      ],
      [
        0.6040268456375839,
        0.15771812080536915,
        0.020134228187919465,
        0.09865771812080536,
        0.09932885906040269,
        0.020134228187919465
      ],
      [
        0.6040268456375839,
        0.15771812080536915,
        0.020134228187919465,
        0.09865771812080537,
        0.09932885906040269,
        0.020134228187919465
      ],
      [
        0.5960264900662252,
        0.16225165562913907,
        0.019867549668874173,
        0.10132450331125828,
        0.10066225165562916,
        0.019867549668874173
      ],
      [
        0.08017960230917254,
        0.0881975625400898,
        0.009942270686337396,
        0.009942270686337396,
        0.8017960230917254,
        0.009942270686337396
      ],
      [
        0.16005121638924458,
        0.009923175416133164,
        0.009923175416133164,
        0.009923175416133164,
        0.8002560819462229,
        0.009923175416133164
      ],
      [
        0.5056179775280899,
        0.21348314606741575,
        0.016853932584269666,
        0.13146067415730342,
        0.1157303370786517,
        0.016853932584269666
      ],
      [
        0.5142857142857142,
        0.20857142857142855,
        0.01714285714285714,
        0.12857142857142853,
        0.11428571428571428,
        0.01714285714285714
      ],
      [
        0.08002560819462229,
        0.009923175416133164,
        0.009923175416133164,
        0.009923175416133164,
        0.8802816901408452,
        0.009923175416133164
      ],
      [
        0.3614457831325302,
        0.3734939759036145,
        0.01807228915662651,
        0.11927710843373497,
        0.1096385542168675,
        0.01807228915662651
      ],
      [
        0.08064516129032258,
        0.6451612903225806,
        0.08064516129032258,
        0.16129032258064516,
        0.016129032258064516,
        0.016129032258064516
      ],
      [
        0.08017960230917254,
        0.0881975625400898,
        0.009942270686337396,
        0.009942270686337396,
        0.8017960230917254,
        0.009942270686337396
      ],
      [
        0.08017960230917254,
        0.0881975625400898,
        0.009942270686337396,
        0.009942270686337396,
        0.8017960230917254,
        0.009942270686337396
      ],
      [
        0.08002560819462229,
        0.009923175416133164,
        0.009923175416133164,
        0.009923175416133164,
        0.8802816901408452,
        0.009923175416133164
      ],
      [
        0.6766917293233082,
        0.11654135338345865,
        0.022556390977443608,
        0.07443609022556393,
        0.08721804511278196,
        0.022556390977443608
      ],
      [
        0.6766917293233082,
        0.11654135338345863,
        0.02255639097744361,
        0.07443609022556391,
        0.08721804511278196,
        0.02255639097744361
      ],
      [
        0.08017960230917254,
        0.0881975625400898,
        0.009942270686337396,
        0.009942270686337396,
        0.8017960230917254,
        0.009942270686337396
      ],
      [
        0.14812620352540365,
        0.08146941193897202,
        0.009924455636202046,
        0.009924455636202046,
        0.7406310176270182,
        0.009924455636202046
      ],
      [
        0.009610983981693364,
        0.009610983981693364,
        0.009610983981693364,
        0.009610983981693364,
        0.009610983981693364,
        0.9519450800915331
      ],
      [
        0.6936416184971098,
        0.11849710982658959,
        0.017341040462427747,
        0.07456647398843931,
        0.07861271676300578,
        0.017341040462427747
      ],
      [
        0.4972375690607735,
        0.13535911602209943,
        0.01657458563535912,
        0.08453038674033149,
        0.24972375690607737,
        0.01657458563535912
      ],
      [
        0.14812620352540365,
        0.08146941193897202,
        0.009924455636202046,
        0.009924455636202046,
        0.7406310176270182,
        0.009924455636202046
      ],
      [
        0.6081081081081082,
        0.15540540540540543,
        0.020270270270270275,
        0.09729729729729733,
        0.09864864864864867,
        0.020270270270270275
      ],
      [
        0.4054054054054055,
        0.35810810810810817,
        0.020270270270270275,
        0.0972972972972973,
        0.09864864864864867,
        0.020270270270270275
      ],
      [
        0.6,
        0.15999999999999998,
        0.02,
        0.1,
        0.1,
        0.02
      ],
      [
        0.379746835443038,
        0.3670886075949367,
        0.0189873417721519,
        0.11012658227848103,
        0.10506329113924051,
        0.0189873417721519
      ],
      [
        0.3870967741935483,
        0.36451612903225805,
        0.01935483870967742,
        0.1064516129032258,
        0.10322580645161289,
        0.01935483870967742
      ],
      [
        0.3870967741935483,
        0.36451612903225805,
        0.01935483870967742,
        0.1064516129032258,
        0.1032258064516129,
        0.01935483870967742
      ],
      [
        0.4137931034482758,
        0.35517241379310344,
        0.020689655172413793,
        0.09310344827586207,
        0.09655172413793102,
        0.020689655172413793
      ],
      [
        0.6666666666666666,
        0.12222222222222223,
        0.022222222222222223,
        0.07777777777777778,
        0.08888888888888889,
        0.022222222222222223
      ],
      [
        0.46875,
        0.10156249999999999,
        0.2578125,
        0.065625,
        0.0828125,
        0.0234375
      ],
      [
        0.9519365375641624,
        0.009612692487167524,
        0.009612692487167524,
        0.009612692487167524,
        0.009612692487167524,
        0.009612692487167524
      ]
    ],
    [
      [
        0.9519365375641624,
        0.009612692487167524,
        0.009612692487167524,
        0.009612692487167524,
        0.009612692487167524,
        0.009612692487167524
      ],
      [
        0.4615384615384615,
        0.3384615384615385,
        0.023076923076923078,
        0.06923076923076925,
        0.08461538461538462,
        0.023076923076923078
      ],
      [
        0.08017960230917254,
        0.0881975625400898,
        0.009942270686337396,
        0.009942270686337396,
        0.8017960230917254,
        0.009942270686337396
      ],
      [
        0.41958041958041964,
        0.35314685314685323,
        0.020979020979020983,
        0.09020979020979024,
        0.09510489510489513,
        0.020979020979020983
      ],
      [
        0.3896103896103897,
        0.36363636363636376,
        0.019480519480519487,
        0.10519480519480523,
        0.10259740259740263,
        0.019480519480519487
      ],
      [
        0.08017960230917254,
        0.0881975625400898,
        0.009942270686337396,
        0.009942270686337396,
        0.8017960230917254,
        0.009942270686337396
      ],
      [
        0.4054054054054055,
        0.35810810810810817,
        0.020270270270270275,
        0.09729729729729732,
        0.09864864864864867,
        0.020270270270270275
      ],
      [
        0.3846153846153846,
        0.3653846153846154,
        0.019230769230769232,
        0.1076923076923077,
        0.10384615384615385,
        0.019230769230769232
      ],
      [
        0.5882352941176471,
        0.16666666666666666,
        0.019607843137254905,
        0.10392156862745097,
        0.1019607843137255,
        0.019607843137254905
      ],
      [
        0.5487804878048781,
        0.18902439024390244,
        0.018292682926829267,
        0.11707317073170734,
        0.10853658536585366,
        0.018292682926829267
      ],
      [
        0.5555555555555556,
        0.18518518518518526,
        0.01851851851851852,
        0.11481481481481484,
        0.10740740740740744,
        0.01851851851851852
      ],
      [
        0.36585365853658536,
        0.3719512195121951,
        0.018292682926829267,
        0.11707317073170734,
        0.10853658536585366,
        0.018292682926829267
      ],
      [
        0.3508771929824561,
        0.37719298245614036,
        0.017543859649122806,
        0.12456140350877193,
        0.11228070175438595,
        0.017543859649122806
      ],
      [
        0.5172413793103448,
        0.2068965517241379,
        0.017241379310344824,
        0.12758620689655173,
        0.11379310344827584,
        0.017241379310344824
      ],
      [
        0.08002560819462229,
        0.009923175416133164,
        0.009923175416133164,
        0.009923175416133164,
        0.8802816901408452,
        0.009923175416133164
      ],
      [
        0.5142857142857142,
        0.20857142857142855,
        0.01714285714285714,
        0.12857142857142856,
        0.11428571428571425,
        0.01714285714285714
      ],
      [
        0.5454545454545455,
        0.19090909090909092,
        0.018181818181818184,
        0.11818181818181818,
        0.1090909090909091,
        0.018181818181818184
      ],
      [
        0.569620253164557,
        0.17721518987341772,
        0.0189873417721519,
        0.11012658227848103,
        0.10506329113924051,
        0.0189873417721519
      ],
      [
        0.3846153846153846,
        0.3653846153846154,
        0.019230769230769232,
        0.1076923076923077,
        0.10384615384615385,
        0.019230769230769232
      ],
      [
        0.6040268456375839,
        0.15771812080536915,
        0.020134228187919465,
        0.09865771812080537,
        0.09932885906040269,
        0.020134228187919465
      ],
      [
        0.6382978723404255,
        0.13829787234042556,
        0.02127659574468085,
        0.08723404255319149,
        0.09361702127659575,
        0.02127659574468085
      ],
      [
        0.6766917293233082,
        0.11654135338345865,
        0.022556390977443608,
        0.07443609022556393,
        0.08721804511278196,
        0.022556390977443608
      ],
      [
        0.46153846153846156,
        0.10769230769230768,
        0.023076923076923078,
        0.06923076923076923,
        0.31538461538461543,
        0.023076923076923078
      ],
      [
        0.6521739130434783,
        0.13043478260869565,
        0.02173913043478261,
        0.08260869565217392,
        0.09130434782608697,
        0.02173913043478261
      ],
      [
        0.08017960230917254,
        0.0881975625400898,
        0.009942270686337396,
        0.009942270686337396,
        0.8017960230917254,
        0.009942270686337396
      ],
      [
        0.009610983981693364,
        0.009610983981693364,
        0.009610983981693364,
        0.009610983981693364,
        0.009610983981693364,
        0.9519450800915331
      ],
      [
        0.07406310176270182,
        0.08146941193897202,
        0.009924455636202046,
        0.009924455636202046,
        0.8146941193897201,
        0.009924455636202046
      ],
      [
        0.07406310176270182,
        0.15553251370167387,
        0.009924455636202046,
        0.009924455636202046,
        0.7406310176270182,
        0.009924455636202046
      ],
      [
        0.06944444444444445,
        0.4166666666666667,
        0.06944444444444445,
        0.1388888888888889,
        0.2916666666666667,
        0.013888888888888892
      ],
      [
        0.14812620352540365,
        0.08146941193897202,
        0.009924455636202046,
        0.009924455636202046,
        0.7406310176270182,
        0.009924455636202046
      ],
      [
        0.5521472392638037,
        0.18711656441717792,
        0.018404907975460127,
        0.11595092024539877,
        0.1079754601226994,
        0.018404907975460127
      ],
      [
        0.5521472392638037,
        0.18711656441717792,
        0.018404907975460127,
        0.11595092024539878,
        0.1079754601226994,
        0.018404907975460127
      ],
      [
        0.35714285714285715,
        0.375,
        0.01785714285714286,
        0.12142857142857141,
        0.11071428571428571,
        0.01785714285714286
      ],
      [
        0.08064516129032258,
        0.48387096774193544,
        0.08064516129032258,
        0.16129032258064516,
        0.1774193548387097,
        0.016129032258064516
      ],
      [
        0.35714285714285715,
        0.19642857142857145,
        0.01785714285714286,
        0.12142857142857143,
        0.2892857142857143,
        0.01785714285714286
      ],
      [
        0.08017960230917254,
        0.0881975625400898,
        0.009942270686337396,
        0.009942270686337396,
        0.8017960230917254,
        0.009942270686337396
      ],
      [
        0.3870967741935483,
        0.36451612903225805,
        0.01935483870967742,
        0.1064516129032258,
        0.1032258064516129,
        0.01935483870967742
      ],
      [
        0.4137931034482758,
        0.35517241379310344,
        0.020689655172413793,
        0.09310344827586207,
        0.09655172413793102,
        0.020689655172413793
      ],
      [
        0.4444444444444444,
        0.12222222222222223,
        0.24444444444444446,
        0.07777777777777778,
        0.08888888888888889,
        0.022222222222222223
      ],
      [
        0.9519365375641624,
        0.009612692487167524,
        0.009612692487167524,
        0.009612692487167524,
        0.009612692487167524,
        0.009612692487167524
      ]
    ],
    [
      [
        0.9519365375641624,
        0.009612692487167524,
        0.009612692487167524,
        0.009612692487167524,
        0.009612692487167524,
        0.009612692487167524
      ],
      [
        0.4444444444444444,
        0.34444444444444444,
        0.022222222222222223,
        0.07777777777777778,
        0.08888888888888889,
        0.022222222222222223
      ],
      [
        0.6293706293706295,
        0.1433566433566434,
        0.020979020979020983,
        0.09020979020979024,
        0.09510489510489513,
        0.020979020979020983
      ],
      [
        0.4054054054054055,
        0.35810810810810817,
        0.020270270270270275,
        0.0972972972972973,
        0.09864864864864867,
        0.020270270270270275
      ],
      [
        0.24193548387096772,
        0.48387096774193544,
        0.08064516129032258,
        0.16129032258064516,
        0.016129032258064516,
        0.016129032258064516
      ],
      [
        0.379746835443038,
        0.3670886075949367,
        0.0189873417721519,
        0.11012658227848103,
        0.10506329113924051,
        0.0189873417721519
      ],
      [
        0.08017960230917254,
        0.0881975625400898,
        0.009942270686337396,
        0.009942270686337396,
        0.8017960230917254,
        0.009942270686337396
      ],
      [
        0.5202312138728323,
        0.20520231213872833,
        0.017341040462427747,
        0.12658959537572254,
        0.11329479768786127,
        0.017341040462427747
      ],
      [
        0.5142857142857142,
        0.20857142857142855,
        0.01714285714285714,
        0.12857142857142856,
        0.11428571428571425,
        0.01714285714285714
      ],
      [
        0.08002560819462229,
        0.009923175416133164,
        0.009923175416133164,
        0.009923175416133164,
        0.8802816901408452,
        0.009923175416133164
      ],
      [
        0.5113636363636364,
        0.21022727272727268,
        0.017045454545454544,
        0.12954545454545457,
        0.11477272727272726,
        0.017045454545454544
      ],
      [
        0.5027932960893854,
        0.2150837988826816,
