{
  "prediction": [
    [
      [
        0.9519365375641624,
        0.009612692487167524,
        0.009612692487167524,
        0.009612692487167524,
        0.009612692487167524,
        0.009612692487167524
      ],
      [
        0.9519365375641624,
        0.009612692487167524,
        0.009612692487167524,
        0.009612692487167524,
        0.009612692487167524,
        0.009612692487167524
      ],
      [
        0.9519365375641624,
        0.009612692487167524,
        0.009612692487167524,
        0.009612692487167524,
        0.009612692487167524,
        0.009612692487167524
      ],
      [
        0.9519365375641624,
        0.009612692487167524,
        0.009612692487167524,
        0.009612692487167524,
        0.009612692487167524,
        0.009612692487167524
      ],
      [
        0.9519365375641624,
        0.009612692487167524,
        0.009612692487167524,
        0.009612692487167524,
        0.009612692487167524,
        0.009612692487167524
      ],
      [
        0.9519365375641624,
        0.009612692487167524,
        0.009612692487167524,
        0.009612692487167524,
        0.009612692487167524,
        0.009612692487167524
      ],
      [
        0.9519365375641624,
        0.009612692487167524,
        0.009612692487167524,
        0.009612692487167524,
        0.009612692487167524,
        0.009612692487167524
      ],
      [
        0.9519365375641624,
        0.009612692487167524,
        0.009612692487167524,
        0.009612692487167524,
        0.009612692487167524,
        0.009612692487167524
      ],
      [
        0.9519365375641624,
        0.009612692487167524,
        0.009612692487167524,
        0.009612692487167524,
        0.009612692487167524,
        0.009612692487167524
      ],
      [
        0.9519365375641624,
        0.009612692487167524,
        0.009612692487167524,
        0.009612692487167524,
        0.009612692487167524,
        0.009612692487167524
      ],
      [
        0.9519365375641624,
        0.009612692487167524,
        0.009612692487167524,
        0.009612692487167524,
        0.009612692487167524,
        0.009612692487167524
      ],
      [
        0.9519365375641624,
        0.009612692487167524,
        0.009612692487167524,
        0.009612692487167524,
        0.009612692487167524,
        0.009612692487167524
      ],
      [
        0.9519365375641624,
        0.009612692487167524,
        0.009612692487167524,
        0.009612692487167524,
        0.009612692487167524,
        0.009612692487167524
      ],
      [
        0.9519365375641624,
        0.009612692487167524,
        0.009612692487167524,
        0.009612692487167524,
        0.009612692487167524,
        0.009612692487167524
      ],
      [
        0.9519365375641624,
        0.009612692487167524,
        0.009612692487167524,
        0.009612692487167524,
        0.009612692487167524,
        0.009612692487167524
      ],
      [
        0.9519365375641624,
        0.009612692487167524,
        0.009612692487167524,
        0.009612692487167524,
        0.009612692487167524,
        0.009612692487167524
      ],
      [
        0.9519365375641624,
        0.009612692487167524,
        0.009612692487167524,
        0.009612692487167524,
        0.009612692487167524,
        0.009612692487167524
      ],
      [
        0.9519365375641624,
        0.009612692487167524,
        0.009612692487167524,
        0.009612692487167524,
        0.009612692487167524,
        0.009612692487167524
      ],
      [
        0.9519365375641624,
        0.009612692487167524,
        0.009612692487167524,
        0.009612692487167524,
        0.009612692487167524,
        0.009612692487167524
      ],
      [
        0.9519365375641624,
        0.009612692487167524,
        0.009612692487167524,
        0.009612692487167524,
        0.009612692487167524,
        0.009612692487167524
      ],
      [
        0.9519365375641624,
        0.009612692487167524,
        0.009612692487167524,
        0.009612692487167524,
        0.009612692487167524,
        0.009612692487167524
      ],
      [
        0.9519365375641624,
        0.009612692487167524,
        0.009612692487167524,
        0.009612692487167524,
        0.009612692487167524,
        0.009612692487167524
      ],
      [
        0.9519365375641624,
        0.009612692487167524,
        0.009612692487167524,
        0.009612692487167524,
        0.009612692487167524,
        0.009612692487167524
      ],
      [
        0.9519365375641624,
        0.009612692487167524,
        0.009612692487167524,
        0.009612692487167524,
        0.009612692487167524,
        0.009612692487167524
      ],
      [
        0.9519365375641624,
        0.009612692487167524,
        0.009612692487167524,
        0.009612692487167524,
        0.009612692487167524,
        0.009612692487167524
      ],
      [
        0.9519450800915331,
        0.009610983981693366,
        0.009610983981693366,
        0.009610983981693366,
        0.009610983981693366,
        0.009610983981693366
      ],
      [
        0.9519450800915331,
        0.009610983981693366,
        0.009610983981693366,
        0.009610983981693366,
        0.009610983981693366,
        0.009610983981693366
      ],
      [
        0.9519450800915331,
        0.009610983981693366,
        0.009610983981693366,
        0.009610983981693366,
        0.009610983981693366,
        0.009610983981693366
      ],
      [
        0.9519450800915331,
        0.009610983981693366,
        0.009610983981693366,
        0.009610983981693366,
        0.009610983981693366,
        0.009610983981693366
      ],
      [
        0.9519450800915331,
        0.009610983981693366,
        0.009610983981693366,
        0.009610983981693366,
        0.009610983981693366,
        0.009610983981693366
      ],
      [
        0.9519365375641624,
        0.009612692487167524,
        0.009612692487167524,
        0.009612692487167524,
        0.009612692487167524,
        0.009612692487167524
      ],
      [
        0.9519365375641624,
        0.009612692487167524,
        0.009612692487167524,
        0.009612692487167524,
        0.009612692487167524,
        0.009612692487167524
      ],
      [
        0.9519365375641624,
        0.009612692487167524,
        0.009612692487167524,
        0.009612692487167524,
        0.009612692487167524,
        0.009612692487167524
      ],
      [
        0.9519365375641624,
        0.009612692487167524,
        0.009612692487167524,
        0.009612692487167524,
        0.009612692487167524,
        0.009612692487167524
      ],
      [
        0.9519365375641624,
        0.009612692487167524,
        0.009612692487167524,
        0.009612692487167524,
        0.009612692487167524,
        0.009612692487167524
      ],
      [
        0.9519365375641624,
        0.009612692487167524,
        0.009612692487167524,
        0.009612692487167524,
        0.009612692487167524,
        0.009612692487167524
      ],
      [
        0.9519365375641624,
        0.009612692487167524,
        0.009612692487167524,
        0.009612692487167524,
        0.009612692487167524,
        0.009612692487167524
      ],
      [
        0.9519365375641624,
        0.009612692487167524,
        0.009612692487167524,
        0.009612692487167524,
        0.009612692487167524,
        0.009612692487167524
      ],
      [
        0.9519365375641624,
        0.009612692487167524,
        0.009612692487167524,
        0.009612692487167524,
        0.009612692487167524,
        0.009612692487167524
      ],
      [
        0.9519365375641624,
        0.009612692487167524,
        0.009612692487167524,
        0.009612692487167524,
        0.009612692487167524,
        0.009612692487167524
      ]
    ],
    [
      [
        0.9519365375641624,
        0.009612692487167524,
        0.009612692487167524,
        0.009612692487167524,
        0.009612692487167524,
        0.009612692487167524
      ],
      [
        0.6521739130434783,
        0.13043478260869565,
        0.02173913043478261,
        0.08260869565217392,
        0.09130434782608697,
        0.02173913043478261
      ],
      [
        0.6293706293706295,
        0.1433566433566434,
        0.020979020979020983,
        0.09020979020979024,
        0.09510489510489513,
        0.020979020979020983
      ],
      [
        0.08017960230917255,
        0.009942270686337398,
        0.08819756254008983,
        0.009942270686337398,
        0.8017960230917256,
        0.009942270686337398
      ],
      [
        0.4054054054054055,
        0.1554054054054054,
        0.22297297297297303,
        0.09729729729729732,
        0.09864864864864867,
        0.020270270270270275
      ],
      [
        0.6,
        0.16,
        0.02,
        0.1,
        0.1,
        0.02
      ],
      [
        0.39735099337748336,
        0.3609271523178808,
        0.01986754966887417,
        0.10132450331125825,
        0.10066225165562913,
        0.01986754966887417
      ],
      [
        0.3973509933774835,
        0.3609271523178808,
        0.019867549668874173,
        0.10132450331125828,
        0.10066225165562916,
        0.019867549668874173
      ],
      [
        0.3896103896103897,
        0.36363636363636376,
        0.019480519480519487,
        0.10519480519480523,
        0.10259740259740263,
        0.019480519480519487
      ],
      [
        0.08002560819462229,
        0.009923175416133164,
        0.009923175416133164,
        0.009923175416133164,
        0.8802816901408452,
        0.009923175416133164
      ],
      [
        0.425531914893617,
        0.35106382978723405,
        0.02127659574468085,
        0.08723404255319149,
        0.09361702127659575,
        0.02127659574468085
      ],
      [
        0.4444444444444444,
        0.12222222222222223,
        0.24444444444444446,
        0.07777777777777778,
        0.08888888888888889,
        0.022222222222222223
      ],
      [
        0.6870229007633588,
        0.11068702290076336,
        0.02290076335877863,
        0.07099236641221376,
        0.08549618320610688,
        0.02290076335877863
      ],
      [
        0.6976744186046512,
        0.10465116279069767,
        0.023255813953488375,
        0.06744186046511629,
        0.08372093023255815,
        0.023255813953488375
      ],
      [
        0.08002560819462229,
        0.009923175416133164,
        0.009923175416133164,
        0.009923175416133164,
        0.8802816901408452,
        0.009923175416133164
      ],
      [
        0.08002560819462229,
        0.009923175416133164,
        0.009923175416133164,
        0.009923175416133164,
        0.8802816901408452,
        0.009923175416133164
      ],
      [
        0.703125,
        0.10156249999999999,
        0.0234375,
        0.065625,
        0.0828125,
        0.0234375
      ],
      [
        0.08002560819462229,
        0.009923175416133164,
        0.009923175416133164,
        0.009923175416133164,
        0.8802816901408452,
        0.009923175416133164
      ],
      [
        0.703125,
        0.10156249999999999,
        0.0234375,
        0.065625,
        0.0828125,
        0.0234375
      ],
      [
        0.7142857142857143,
        0.09523809523809522,
        0.023809523809523808,
        0.06190476190476191,
        0.08095238095238096,
        0.023809523809523808
      ],
      [
        0.47619047619047616,
        0.09523809523809522,
        0.2619047619047619,
        0.06190476190476191,
        0.08095238095238096,
        0.023809523809523808
      ],
      [
        0.08002560819462229,
        0.009923175416133164,
        0.009923175416133164,
        0.009923175416133164,
        0.8802816901408452,
        0.009923175416133164
      ],
      [
        0.6976744186046512,
        0.10465116279069767,
        0.023255813953488375,
        0.06744186046511629,
        0.08372093023255815,
        0.023255813953488375
      ],
      [
        0.703125,
        0.10156249999999999,
        0.0234375,
        0.065625,
        0.0828125,
        0.0234375
      ],
      [
        0.46875,
        0.3359375,
        0.0234375,
        0.065625,
        0.0828125,
        0.0234375
      ],
      [
        0.07387706855791962,
        0.00989952718676123,
        0.00989952718676123,
        0.00989952718676123,
        0.8865248226950355,
        0.00989952718676123
      ],
      [
        0.7142857142857143,
        0.10714285714285714,
        0.01785714285714286,
        0.06785714285714287,
        0.07500000000000001,
        0.01785714285714286
      ],
      [
        0.736196319018405,
        0.0950920245398773,
        0.018404907975460127,
        0.060736196319018415,
        0.07116564417177916,
        0.018404907975460127
      ],
      [
        0.759493670886076,
        0.08227848101265822,
        0.0189873417721519,
        0.05316455696202532,
        0.0670886075949367,
        0.0189873417721519
      ],
      [
        0.3846153846153846,
        0.2692307692307692,
        0.21153846153846154,
        0.049999999999999996,
        0.06538461538461539,
        0.019230769230769232
      ],
      [
        0.47619047619047616,
        0.3333333333333333,
        0.023809523809523808,
        0.06190476190476191,
        0.08095238095238096,
        0.023809523809523808
      ],
      [
        0.08017960230917254,
        0.0881975625400898,
        0.009942270686337396,
        0.009942270686337396,
        0.8017960230917254,
        0.009942270686337396
      ],
      [
        0.08002560819462229,
        0.009923175416133164,
        0.009923175416133164,
        0.009923175416133164,
        0.8802816901408452,
        0.009923175416133164
      ],
      [
        0.4615384615384615,
        0.3384615384615385,
        0.023076923076923078,
        0.06923076923076925,
        0.08461538461538462,
        0.023076923076923078
      ],
      [
        0.4444444444444444,
        0.34444444444444444,
        0.022222222222222223,
        0.07777777777777778,
        0.08888888888888889,
        0.022222222222222223
      ],
      [
        0.08017960230917255,
        0.009942270686337398,
        0.08819756254008983,
        0.009942270686337398,
        0.8017960230917256,
        0.009942270686337398
      ],
      [
        0.4800000000000001,
        0.332,
        0.024000000000000004,
        0.06000000000000001,
        0.08,
        0.024000000000000004
      ],
      [
        0.4878048780487804,
        0.08536585365853658,
        0.2682926829268293,
        0.05609756097560975,
        0.07804878048780488,
        0.024390243902439022
      ],
      [
        0.7317073170731707,
        0.08536585365853658,
        0.024390243902439022,
        0.05609756097560975,
        0.07804878048780488,
        0.024390243902439022
      ],
      [
        0.9519365375641624,
        0.009612692487167524,
        0.009612692487167524,
        0.009612692487167524,
        0.009612692487167524,
        0.009612692487167524
      ]
    ],
    [
      [
        0.9519365375641624,
        0.009612692487167524,
        0.009612692487167524,
        0.009612692487167524,
        0.009612692487167524,
        0.009612692487167524
      ],
      [
        0.6293706293706295,
        0.1433566433566434,
        0.020979020979020983,
        0.09020979020979024,
        0.09510489510489513,
        0.020979020979020983
      ],
      [
        0.6081081081081082,
        0.1554054054054054,
        0.020270270270270275,
        0.0972972972972973,
        0.09864864864864867,
        0.020270270270270275
      ],
      [
        0.08064516129032258,
        0.48387096774193544,
        0.08064516129032258,
        0.16129032258064516,
        0.1774193548387097,
        0.016129032258064516
      ],
      [
        0.08017960230917254,
        0.0881975625400898,
        0.009942270686337396,
        0.009942270686337396,
        0.8017960230917254,
        0.009942270686337396
      ],
      [
        0.5454545454545454,
        0.19090909090909094,
        0.018181818181818184,
        0.11818181818181817,
        0.10909090909090911,
        0.018181818181818184
      ],
      [
        0.3680981595092025,
        0.37116564417177916,
        0.018404907975460127,
        0.11595092024539878,
        0.1079754601226994,
        0.018404907975460127
      ],
      [
        0.3726708074534162,
        0.18322981366459629,
        0.01863354037267081,
        0.11366459627329194,
        0.29316770186335406,
        0.01863354037267081
      ],
      [
        0.08064516129032258,
        0.48387096774193544,
        0.08064516129032258,
        0.3225806451612903,
        0.016129032258064516,
        0.016129032258064516
      ],
      [
        0.5844155844155845,
        0.1688311688311689,
        0.019480519480519484,
        0.10519480519480522,
        0.10259740259740262,
        0.019480519480519484
      ],
      [
        0.3973509933774835,
        0.3609271523178808,
        0.019867549668874173,
        0.10132450331125828,
        0.10066225165562916,
        0.019867549668874173
      ],
      [
        0.08017960230917254,
        0.0881975625400898,
        0.009942270686337396,
        0.009942270686337396,
        0.8017960230917254,
        0.009942270686337396
      ],
      [
        0.6382978723404256,
        0.13829787234042554,
        0.021276595744680854,
        0.0872340425531915,
        0.09361702127659577,
        0.021276595744680854
      ],
      [
        0.08002560819462229,
        0.009923175416133164,
        0.009923175416133164,
        0.009923175416133164,
        0.8802816901408452,
        0.009923175416133164
      ],
      [
        0.6976744186046512,
        0.10465116279069767,
        0.023255813953488375,
        0.06744186046511629,
        0.08372093023255815,
        0.023255813953488375
      ],
      [
        0.6870229007633588,
        0.11068702290076336,
        0.02290076335877863,
        0.07099236641221376,
        0.08549618320610688,
        0.02290076335877863
      ],
      [
        0.08002560819462229,
        0.009923175416133164,
        0.009923175416133164,
        0.009923175416133164,
        0.8802816901408452,
        0.009923175416133164
      ],
      [
        0.6521739130434783,
        0.13043478260869568,
        0.02173913043478261,
        0.08260869565217392,
        0.09130434782608697,
        0.02173913043478261
      ],
      [
        0.6617647058823529,
        0.125,
        0.022058823529411766,
        0.07941176470588235,
        0.08970588235294119,
        0.022058823529411766
      ],
      [
        0.703125,
        0.10156249999999999,
        0.0234375,
        0.065625,
        0.0828125,
        0.0234375
      ],
      [
        0.7142857142857143,
        0.09523809523809522,
        0.023809523809523808,
        0.06190476190476191,
        0.08095238095238096,
        0.023809523809523808
      ],
      [
        0.46511627906976744,
        0.3372093023255814,
        0.023255813953488375,
        0.06744186046511629,
        0.08372093023255815,
        0.023255813953488375
      ],
      [
        0.45801526717557256,
        0.11068702290076336,
        0.02290076335877863,
        0.30000000000000004,
        0.08549618320610688,
        0.02290076335877863
      ],
      [
        0.6666666666666666,
        0.12222222222222223,
        0.022222222222222223,
        0.07777777777777778,
        0.08888888888888889,
        0.022222222222222223
      ],
      [
        0.08002560819462229,
        0.009923175416133164,
        0.009923175416133164,
        0.009923175416133164,
        0.8802816901408452,
        0.009923175416133164
      ],
      [
        0.7142857142857143,
        0.10714285714285714,
        0.01785714285714286,
        0.06785714285714287,
        0.07500000000000001,
        0.01785714285714286
      ],
      [
        0.5202312138728323,
        0.29190751445086704,
        0.017341040462427747,
        0.07456647398843931,
        0.07861271676300578,
        0.017341040462427747
      ],
      [
        0.9519450800915331,
        0.009610983981693366,
        0.009610983981693366,
        0.009610983981693366,
        0.009610983981693366,
        0.009610983981693366
      ],
      [
        0.736196319018405,
        0.0950920245398773,
        0.018404907975460127,
        0.060736196319018415,
        0.07116564417177916,
        0.018404907975460127
      ],
      [
        0.07387706855791962,
        0.00989952718676123,
        0.00989952718676123,
        0.00989952718676123,
        0.8865248226950355,
        0.00989952718676123
      ],
      [
        0.7142857142857143,
        0.09523809523809522,
        0.023809523809523808,
        0.06190476190476191,
        0.08095238095238096,
        0.023809523809523808
      ],
      [
        0.08017960230917254,
        0.0881975625400898,
        0.009942270686337396,
        0.009942270686337396,
        0.8017960230917254,
        0.009942270686337396
      ],
      [
        0.6766917293233083,
        0.11654135338345865,
        0.02255639097744361,
        0.07443609022556393,
        0.08721804511278197,
        0.02255639097744361
      ],
      [
        0.6521739130434783,
        0.13043478260869565,
        0.02173913043478261,
        0.08260869565217392,
        0.09130434782608697,
        0.02173913043478261
      ],
      [
        0.41958041958041964,
        0.35314685314685323,
        0.020979020979020983,
        0.09020979020979024,
        0.09510489510489513,
        0.020979020979020983
      ],
      [
        0.08017960230917254,
        0.0881975625400898,
        0.009942270686337396,
        0.009942270686337396,
        0.8017960230917254,
        0.009942270686337396
      ],
      [
        0.6766917293233083,
        0.11654135338345865,
        0.02255639097744361,
        0.07443609022556393,
        0.08721804511278197,
        0.02255639097744361
      ],
      [
        0.6923076923076924,
        0.10769230769230768,
        0.023076923076923078,
        0.06923076923076923,
        0.08461538461538462,
        0.023076923076923078
      ],
      [
        0.47619047619047616,
        0.3333333333333333,
        0.023809523809523808,
        0.06190476190476191,
        0.08095238095238096,
        0.023809523809523808
      ],
      [
        0.9519365375641624,
        0.009612692487167524,
        0.009612692487167524,
        0.009612692487167524,
        0.009612692487167524,
        0.009612692487167524
      ]
    ],
    [
      [
        0.9519365375641624,
        0.009612692487167524,
        0.009612692487167524,
        0.009612692487167524,
        0.009612692487167524,
        0.009612692487167524
      ],
      [
        0.6521739130434783,
        0.13043478260869565,
        0.02173913043478261,
        0.08260869565217392,
        0.09130434782608697,
        0.02173913043478261
      ],
      [
        0.6293706293706295,
        0.1433566433566434,
        0.020979020979020983,
        0.09020979020979024,
        0.09510489510489513,
        0.020979020979020983
      ],
      [
        0.08017960230917254,
        0.0881975625400898,
        0.009942270686337396,
        0.009942270686337396,
        0.8017960230917254,
        0.009942270686337396
      ],
      [
        0.5806451612903225,
        0.1709677419354839,
        0.01935483870967742,
        0.1064516129032258,
        0.1032258064516129,
        0.01935483870967742
      ],
      [
        0.375,
        0.36875,
        0.018750000000000003,
        0.11250000000000002,
        0.10625,
        0.018750000000000003
      ],
      [
        0.08002560819462229,
        0.009923175416133164,
        0.009923175416133164,
        0.009923175416133164,
        0.8802816901408452,
        0.009923175416133164
      ],
      [
        0.3921568627450981,
        0.3627450980392157,
        0.019607843137254905,
        0.103921568627451,
        0.1019607843137255,
        0.019607843137254905
      ],
      [
        0.3821656050955414,
        0.3662420382165606,
        0.019108280254777073,
        0.10891719745222933,
        0.10445859872611468,
        0.019108280254777073
      ],
      [
        0.3973509933774835,
        0.3609271523178808,
        0.019867549668874173,
        0.10132450331125828,
        0.10066225165562916,
        0.019867549668874173
      ],
      [
        0.39735099337748336,
        0.3609271523178808,
        0.01986754966887417,
        0.10132450331125825,
        0.10066225165562913,
        0.01986754966887417
      ],
      [
        0.4054054054054054,
        0.1554054054054054,
        0.02027027027027027,
        0.09729729729729732,
        0.3013513513513514,
        0.02027027027027027
      ],
      [
        0.6293706293706295,
        0.1433566433566434,
        0.020979020979020983,
        0.09020979020979022,
        0.09510489510489513,
        0.020979020979020983
      ],
      [
        0.08002560819462229,
        0.009923175416133164,
        0.009923175416133164,
        0.009923175416133164,
        0.8802816901408452,
        0.009923175416133164
      ],
      [
        0.6766917293233082,
        0.11654135338345863,
        0.02255639097744361,
        0.07443609022556391,
        0.08721804511278196,
        0.02255639097744361
      ],
      [
        0.6474820143884892,
        0.13309352517985612,
        0.02158273381294964,
        0.0841726618705036,
        0.09208633093525181,
        0.02158273381294964
      ],
      [
        0.16005121638924458,
        0.009923175416133164,
        0.009923175416133164,
        0.009923175416133164,
        0.8002560819462229,
        0.009923175416133164
      ],
      [
        0.08017960230917254,
        0.0881975625400898,
        0.009942270686337396,
        0.009942270686337396,
        0.8017960230917254,
        0.009942270686337396
      ],
      [
        0.08017960230917254,
        0.0881975625400898,
        0.009942270686337396,
        0.009942270686337396,
        0.8017960230917254,
        0.009942270686337396
      ],
      [
        0.16005121638924458,
        0.009923175416133164,
        0.009923175416133164,
        0.009923175416133164,
        0.8002560819462229,
        0.009923175416133164
      ],
      [
        0.45112781954887216,
        0.11654135338345863,
        0.022556390977443608,
        0.07443609022556391,
        0.31278195488721805,
        0.022556390977443608
      ],
      [
        0.6716417910447762,
        0.11940298507462688,
        0.022388059701492543,
        0.07611940298507466,
        0.08805970149253733,
        0.022388059701492543
      ],
      [
        0.6382978723404256,
        0.13829787234042554,
        0.021276595744680854,
        0.08723404255319149,
        0.09361702127659577,
        0.021276595744680854
      ],
      [
        0.4054054054054055,
        0.35810810810810817,
        0.020270270270270275,
        0.0972972972972973,
        0.09864864864864867,
        0.020270270270270275
      ],
      [
        0.6081081081081082,
        0.1554054054054054,
        0.020270270270270275,
        0.0972972972972973,
        0.09864864864864867,
        0.020270270270270275
      ],
      [
        0.6741573033707866,
        0.12921348314606743,
        0.016853932584269666,
        0.08089887640449439,
        0.08202247191011237,
        0.016853932584269666
      ],
      [
        0.6741573033707866,
        0.1292134831460674,
        0.016853932584269666,
        0.08089887640449439,
        0.08202247191011237,
        0.016853932584269666
      ],
      [
        0.9519450800915331,
        0.009610983981693366,
        0.009610983981693366,
        0.009610983981693366,
        0.009610983981693366,
        0.009610983981693366
      ],
      [
        0.7142857142857143,
        0.10714285714285714,
        0.01785714285714286,
        0.06785714285714287,
        0.07500000000000001,
        0.01785714285714286
      ],
      [
        0.3680981595092025,
        0.4631901840490798,
        0.018404907975460127,
        0.060736196319018415,
        0.07116564417177916,
        0.018404907975460127
      ],
      [
        0.6923076923076924,
        0.10769230769230768,
        0.023076923076923078,
        0.06923076923076923,
        0.08461538461538462,
        0.023076923076923078
      ],
      [
        0.6766917293233082,
        0.11654135338345865,
        0.022556390977443608,
        0.07443609022556393,
        0.08721804511278196,
        0.022556390977443608
      ],
      [
        0.6521739130434783,
        0.13043478260869565,
        0.02173913043478261,
        0.08260869565217392,
        0.09130434782608697,
        0.02173913043478261
      ],
      [
        0.41958041958041964,
        0.35314685314685323,
        0.020979020979020983,
        0.09020979020979024,
        0.09510489510489513,
        0.020979020979020983
      ],
      [
        0.08017960230917254,
        0.0881975625400898,
        0.009942270686337396,
        0.009942270686337396,
        0.8017960230917254,
        0.009942270686337396
      ],
      [
        0.41958041958041964,
        0.35314685314685323,
        0.020979020979020983,
        0.09020979020979024,
        0.09510489510489513,
        0.020979020979020983
      ],
      [
        0.08017960230917254,
        0.0881975625400898,
        0.009942270686337396,
        0.009942270686337396,
        0.8017960230917254,
        0.009942270686337396
      ],
      [
        0.42857142857142855,
        0.35,
        0.02142857142857143,
        0.08571428571428572,
        0.09285714285714286,
        0.02142857142857143
      ],
      [
        0.46153846153846156,
        0.3384615384615385,
        0.023076923076923078,
        0.06923076923076923,
        0.08461538461538462,
        0.023076923076923078
      ],
      [
        0.9519365375641624,
        0.009612692487167524,
        0.009612692487167524,
        0.009612692487167524,
        0.009612692487167524,
        0.009612692487167524
      ]
    ],
    [
      [
        0.9519365375641624,
        0.009612692487167524,
        0.009612692487167524,
        0.009612692487167524,
        0.009612692487167524,
        0.009612692487167524
      ],
      [
        0.6617647058823529,
        0.125,
        0.022058823529411766,
        0.07941176470588235,
        0.08970588235294119,
        0.022058823529411766
      ],
      [
        0.6293706293706295,
        0.1433566433566434,
        0.020979020979020983,
        0.09020979020979024,
        0.09510489510489513,
        0.020979020979020983
      ],
      [
        0.3846153846153846,
        0.36538461538461536,
        0.019230769230769232,
        0.1076923076923077,
        0.10384615384615385,
        0.019230769230769232
      ],
      [
        0.379746835443038,
        0.3670886075949367,
        0.0189873417721519,
        0.11012658227848103,
        0.10506329113924051,
        0.0189873417721519
      ],
      [
        0.3726708074534162,
        0.18322981366459629,
        0.01863354037267081,
        0.11366459627329194,
        0.29316770186335406,
        0.01863354037267081
      ],
      [
        0.3773584905660377,
        0.3679245283018868,
        0.01886792452830189,
        0.11132075471698114,
        0.10566037735849057,
        0.01886792452830189
      ],
      [
        0.3821656050955414,
        0.3662420382165606,
        0.019108280254777073,
        0.10891719745222933,
        0.10445859872611468,
        0.019108280254777073
      ],
      [
        0.08017960230917255,
        0.009942270686337398,
        0.009942270686337398,
        0.08819756254008983,
        0.8017960230917256,
        0.009942270686337398
      ],
      [
        0.5732484076433122,
        0.17515923566878985,
        0.019108280254777073,
        0.10891719745222933,
        0.10445859872611468,
        0.019108280254777073
      ],
      [
        0.3846153846153846,
        0.1730769230769231,
        0.019230769230769232,
        0.1076923076923077,
        0.29615384615384616,
        0.019230769230769232
      ],
      [
        0.16005121638924458,
        0.009923175416133164,
        0.009923175416133164,
        0.009923175416133164,
        0.8002560819462229,
        0.009923175416133164
      ],
      [
        0.08002560819462229,
        0.009923175416133164,
        0.009923175416133164,
        0.009923175416133164,
        0.8802816901408452,
        0.009923175416133164
      ],
      [
        0.08002560819462229,
        0.009923175416133164,
        0.009923175416133164,
        0.009923175416133164,
        0.8802816901408452,
        0.009923175416133164
      ],
      [
        0.08002560819462229,
        0.009923175416133164,
        0.009923175416133164,
        0.009923175416133164,
        0.8802816901408452,
        0.009923175416133164
      ],
      [
        0.5921052631578948,
        0.16447368421052636,
        0.01973684210526316,
        0.10263157894736843,
        0.10131578947368423,
        0.01973684210526316
      ],
      [
        0.5921052631578947,
        0.16447368421052633,
        0.019736842105263157,
        0.10263157894736843,
        0.10131578947368422,
        0.019736842105263157
      ],
      [
        0.3896103896103897,
        0.36363636363636376,
        0.019480519480519487,
        0.10519480519480523,
        0.10259740259740263,
        0.019480519480519487
      ],
      [
        0.08017960230917255,
        0.009942270686337398,
        0.009942270686337398,
        0.08819756254008983,
        0.8017960230917256,
        0.009942270686337398
      ],
      [
        0.6164383561643836,
        0.15068493150684933,
        0.020547945205479454,
        0.0945205479452055,
        0.09726027397260276,
        0.020547945205479454
      ],
      [
        0.6081081081081081,
        0.15540540540540543,
        0.02027027027027027,
        0.0972972972972973,
        0.09864864864864864,
        0.02027027027027027
      ],
      [
        0.5960264900662252,
        0.16225165562913907,
        0.019867549668874173,
        0.10132450331125828,
        0.10066225165562916,
        0.019867549668874173
      ],
      [
        0.3821656050955414,
        0.3662420382165606,
        0.019108280254777073,
        0.10891719745222933,
        0.10445859872611468,
        0.019108280254777073
      ],
      [
        0.5487804878048781,
        0.1890243902439025,
        0.01829268292682927,
        0.11707317073170734,
        0.10853658536585369,
        0.01829268292682927
      ],
      [
        0.08002560819462229,
        0.009923175416133164,
        0.009923175416133164,
        0.009923175416133164,
        0.8802816901408452,
        0.009923175416133164
      ],
      [
        0.6282722513089006,
        0.15445026178010476,
        0.01570680628272252,
        0.09581151832460735,
        0.09005235602094246,
        0.01570680628272252
      ],
      [
        0.34722222222222227,
        0.4166666666666667,
        0.06944444444444445,
        0.1388888888888889,
        0.013888888888888892,
        0.013888888888888892
      ],
      [
        0.4972375690607735,
        0.13535911602209943,
        0.01657458563535912,
        0.08453038674033149,
        0.24972375690607737,
        0.01657458563535912
      ],
      [
        0.9519450800915331,
        0.009610983981693366,
        0.009610983981693366,
        0.009610983981693366,
        0.009610983981693366,
        0.009610983981693366
      ],
      [
        0.5202312138728323,
        0.11849710982658959,
        0.1907514450867052,
        0.07456647398843931,
        0.07861271676300578,
        0.017341040462427747
      ],
      [
        0.41958041958041964,
        0.35314685314685323,
        0.020979020979020983,
        0.09020979020979024,
        0.09510489510489513,
        0.020979020979020983
      ],
      [
        0.08017960230917254,
        0.0881975625400898,
        0.009942270686337396,
        0.009942270686337396,
        0.8017960230917254,
        0.009942270686337396
      ],
      [
        0.16005121638924458,
        0.009923175416133164,
        0.009923175416133164,
        0.009923175416133164,
        0.8002560819462229,
        0.009923175416133164
      ],
      [
        0.6081081081081082,
        0.1554054054054054,
        0.020270270270270275,
        0.0972972972972973,
        0.09864864864864867,
        0.020270270270270275
      ],
      [
        0.08064516129032258,
        0.6451612903225806,
        0.08064516129032258,
        0.16129032258064516,
        0.016129032258064516,
        0.016129032258064516
      ],
      [
        0.08017960230917254,
        0.0881975625400898,
        0.009942270686337396,
        0.009942270686337396,
        0.8017960230917254,
        0.009942270686337396
      ],
      [
        0.08017960230917254,
        0.0881975625400898,
        0.009942270686337396,
        0.009942270686337396,
        0.8017960230917254,
        0.009942270686337396
      ],
      [
        0.4,
        0.36,
        0.02,
        0.1,
        0.1,
        0.02
      ],
      [
        0.42857142857142855,
        0.1357142857142857,
        0.2357142857142857,
        0.08571428571428572,
        0.09285714285714286,
        0.02142857142857143
      ],
      [
        0.9519365375641624,
        0.009612692487167524,
        0.009612692487167524,
        0.009612692487167524,
        0.009612692487167524,
        0.009612692487167524
      ]
    ],
    [
      [
        0.9519365375641624,
        0.009612692487167524,
        0.009612692487167524,
        0.009612692487167524,
        0.009612692487167524,
        0.009612692487167524
      ],
      [
        0.6766917293233082,
        0.11654135338345863,
        0.02255639097744361,
        0.07443609022556391,
        0.08721804511278196,
        0.02255639097744361
      ],
      [
        0.6293706293706295,
        0.1433566433566434,
        0.020979020979020983,
        0.09020979020979024,
        0.09510489510489513,
        0.020979020979020983
      ],
      [
        0.569620253164557,
        0.17721518987341772,
        0.0189873417721519,
        0.11012658227848103,
        0.10506329113924051,
        0.0189873417721519
      ],
      [
        0.3680981595092025,
        0.37116564417177916,
        0.018404907975460127,
        0.11595092024539878,
        0.1079754601226994,
        0.018404907975460127
      ],
      [
        0.3141361256544503,
        0.31151832460732987,
        0.01570680628272252,
        0.09581151832460737,
        0.24712041884816757,
        0.01570680628272252
      ],
      [
        0.4812834224598931,
        0.30748663101604284,
        0.016042780748663107,
        0.09144385026737971,
        0.08770053475935831,
        0.016042780748663107
      ],
      [
        0.14812620352540365,
        0.08146941193897202,
        0.009924455636202046,
        0.009924455636202046,
        0.7406310176270182,
        0.009924455636202046
      ],
      [
        0.44999999999999996,
        0.32000000000000006,
        0.015,
        0.10500000000000001,
        0.095,
        0.015
      ],
      [
        0.07406310176270182,
        0.009924455636202046,
        0.009924455636202046,
        0.08146941193897202,
        0.8146941193897201,
        0.009924455636202046
      ],
      [
        0.13762730525736308,
        0.0756950178915497,
        0.009909165978530142,
        0.009909165978530142,
        0.7569501789154969,
        0.009909165978530142
      ],
      [
        0.5309734513274337,
        0.2743362831858407,
        0.013274336283185844,
        0.08761061946902657,
        0.08053097345132745,
