{
  "prediction": [
    [
      [
        0.9519365375641624,
        0.009612692487167524,
        0.009612692487167524,
        0.009612692487167524,
        0.009612692487167524,
        0.009612692487167524
      ],
      [
        0.9519365375641624,
        0.009612692487167524,
        0.009612692487167524,
        0.009612692487167524,
        0.009612692487167524,
        0.009612692487167524
      ],
      [
        0.9519365375641624,
        0.009612692487167524,
        0.009612692487167524,
        0.009612692487167524,
        0.009612692487167524,
        0.009612692487167524
      ],
      [
        0.9519365375641624,
        0.009612692487167524,
        0.009612692487167524,
        0.009612692487167524,
        0.009612692487167524,
        0.009612692487167524
      ],
      [
        0.9519365375641624,
        0.009612692487167524,
        0.009612692487167524,
        0.009612692487167524,
        0.009612692487167524,
        0.009612692487167524
      ],
      [
        0.9519365375641624,
        0.009612692487167524,
        0.009612692487167524,
        0.009612692487167524,
        0.009612692487167524,
        0.009612692487167524
      ],
      [
        0.9519365375641624,
        0.009612692487167524,
        0.009612692487167524,
        0.009612692487167524,
        0.009612692487167524,
        0.009612692487167524
      ],
      [
        0.9519365375641624,
        0.009612692487167524,
        0.009612692487167524,
        0.009612692487167524,
        0.009612692487167524,
        0.009612692487167524
      ],
      [
        0.9519365375641624,
        0.009612692487167524,
        0.009612692487167524,
        0.009612692487167524,
        0.009612692487167524,
        0.009612692487167524
      ],
      [
        0.9519365375641624,
        0.009612692487167524,
        0.009612692487167524,
        0.009612692487167524,
        0.009612692487167524,
        0.009612692487167524
      ],
      [
        0.9519365375641624,
        0.009612692487167524,
        0.009612692487167524,
        0.009612692487167524,
        0.009612692487167524,
        0.009612692487167524
      ],
      [
        0.9519365375641624,
        0.009612692487167524,
        0.009612692487167524,
        0.009612692487167524,
        0.009612692487167524,
        0.009612692487167524
      ],
      [
        0.9519365375641624,
        0.009612692487167524,
        0.009612692487167524,
        0.009612692487167524,
        0.009612692487167524,
        0.009612692487167524
      ],
      [
        0.9519365375641624,
        0.009612692487167524,
        0.009612692487167524,
        0.009612692487167524,
        0.009612692487167524,
        0.009612692487167524
      ],
      [
        0.9519365375641624,
        0.009612692487167524,
        0.009612692487167524,
        0.009612692487167524,
        0.009612692487167524,
        0.009612692487167524
      ],
      [
        0.9519365375641624,
        0.009612692487167524,
        0.009612692487167524,
        0.009612692487167524,
        0.009612692487167524,
        0.009612692487167524
      ],
      [
        0.9519365375641624,
        0.009612692487167524,
        0.009612692487167524,
        0.009612692487167524,
        0.009612692487167524,
        0.009612692487167524
      ],
      [
        0.9519365375641624,
        0.009612692487167524,
        0.009612692487167524,
        0.009612692487167524,
        0.009612692487167524,
        0.009612692487167524
      ],
      [
        0.9519365375641624,
        0.009612692487167524,
        0.009612692487167524,
        0.009612692487167524,
        0.009612692487167524,
        0.009612692487167524
      ],
      [
        0.9519365375641624,
        0.009612692487167524,
        0.009612692487167524,
        0.009612692487167524,
        0.009612692487167524,
        0.009612692487167524
      ],
      [
        0.9519365375641624,
        0.009612692487167524,
        0.009612692487167524,
        0.009612692487167524,
        0.009612692487167524,
        0.009612692487167524
      ],
      [
        0.9519365375641624,
        0.009612692487167524,
        0.009612692487167524,
        0.009612692487167524,
        0.009612692487167524,
        0.009612692487167524
      ],
      [
        0.9519365375641624,
        0.009612692487167524,
        0.009612692487167524,
        0.009612692487167524,
        0.009612692487167524,
        0.009612692487167524
      ],
      [
        0.9519365375641624,
        0.009612692487167524,
        0.009612692487167524,
        0.009612692487167524,
        0.009612692487167524,
        0.009612692487167524
      ],
      [
        0.9519365375641624,
        0.009612692487167524,
        0.009612692487167524,
        0.009612692487167524,
        0.009612692487167524,
        0.009612692487167524
      ],
      [
        0.9519450800915331,
        0.009610983981693366,
        0.009610983981693366,
        0.009610983981693366,
        0.009610983981693366,
        0.009610983981693366
      ],
      [
        0.9519450800915331,
        0.009610983981693366,
        0.009610983981693366,
        0.009610983981693366,
        0.009610983981693366,
        0.009610983981693366
      ],
      [
        0.9519450800915331,
        0.009610983981693366,
        0.009610983981693366,
        0.009610983981693366,
        0.009610983981693366,
        0.009610983981693366
      ],
      [
        0.9519450800915331,
        0.009610983981693366,
        0.009610983981693366,
        0.009610983981693366,
        0.009610983981693366,
        0.009610983981693366
      ],
      [
        0.9519450800915331,
        0.009610983981693366,
        0.009610983981693366,
        0.009610983981693366,
        0.009610983981693366,
        0.009610983981693366
      ],
      [
        0.9519365375641624,
        0.009612692487167524,
        0.009612692487167524,
        0.009612692487167524,
        0.009612692487167524,
        0.009612692487167524
      ],
      [
        0.9519365375641624,
        0.009612692487167524,
        0.009612692487167524,
        0.009612692487167524,
        0.009612692487167524,
        0.009612692487167524
      ],
      [
        0.9519365375641624,
        0.009612692487167524,
        0.009612692487167524,
        0.009612692487167524,
        0.009612692487167524,
        0.009612692487167524
      ],
      [
        0.9519365375641624,
        0.009612692487167524,
        0.009612692487167524,
        0.009612692487167524,
        0.009612692487167524,
        0.009612692487167524
      ],
      [
        0.9519365375641624,
        0.009612692487167524,
        0.009612692487167524,
        0.009612692487167524,
        0.009612692487167524,
        0.009612692487167524
      ],
      [
        0.9519365375641624,
        0.009612692487167524,
        0.009612692487167524,
        0.009612692487167524,
        0.009612692487167524,
        0.009612692487167524
      ],
      [
        0.9519365375641624,
        0.009612692487167524,
        0.009612692487167524,
        0.009612692487167524,
        0.009612692487167524,
        0.009612692487167524
      ],
      [
        0.9519365375641624,
        0.009612692487167524,
        0.009612692487167524,
        0.009612692487167524,
        0.009612692487167524,
        0.009612692487167524
      ],
      [
        0.9519365375641624,
        0.009612692487167524,
        0.009612692487167524,
        0.009612692487167524,
        0.009612692487167524,
        0.009612692487167524
      ],
      [
        0.9519365375641624,
        0.009612692487167524,
        0.009612692487167524,
        0.009612692487167524,
        0.009612692487167524,
        0.009612692487167524
      ]
    ],
    [
      [
        0.9519365375641624,
        0.009612692487167524,
        0.009612692487167524,
        0.009612692487167524,
        0.009612692487167524,
        0.009612692487167524
      ],
      [
        0.4800000000000001,
        0.332,
        0.024000000000000004,
        0.06000000000000001,
        0.08,
        0.024000000000000004
      ],
      [
        0.4615384615384615,
        0.3384615384615385,
        0.023076923076923078,
        0.06923076923076925,
        0.08461538461538462,
        0.023076923076923078
      ],
      [
        0.08017960230917254,
        0.0881975625400898,
        0.009942270686337396,
        0.009942270686337396,
        0.8017960230917254,
        0.009942270686337396
      ],
      [
        0.08017960230917255,
        0.009942270686337398,
        0.08819756254008983,
        0.009942270686337398,
        0.8017960230917256,
        0.009942270686337398
      ],
      [
        0.08017960230917255,
        0.009942270686337398,
        0.08819756254008983,
        0.009942270686337398,
        0.8017960230917256,
        0.009942270686337398
      ],
      [
        0.08017960230917255,
        0.009942270686337398,
        0.08819756254008983,
        0.009942270686337398,
        0.8017960230917256,
        0.009942270686337398
      ],
      [
        0.08017960230917255,
        0.009942270686337398,
        0.08819756254008983,
        0.009942270686337398,
        0.8017960230917256,
        0.009942270686337398
      ],
      [
        0.4137931034482759,
        0.1482758620689655,
        0.22758620689655176,
        0.09310344827586207,
        0.09655172413793105,
        0.020689655172413796
      ],
      [
        0.08017960230917254,
        0.0881975625400898,
        0.009942270686337396,
        0.009942270686337396,
        0.8017960230917254,
        0.009942270686337396
      ],
      [
        0.6081081081081082,
        0.1554054054054054,
        0.020270270270270275,
        0.0972972972972973,
        0.09864864864864867,
        0.020270270270270275
      ],
      [
        0.08017960230917254,
        0.0881975625400898,
        0.009942270686337396,
        0.009942270686337396,
        0.8017960230917254,
        0.009942270686337396
      ],
      [
        0.08002560819462229,
        0.009923175416133164,
        0.009923175416133164,
        0.009923175416133164,
        0.8802816901408452,
        0.009923175416133164
      ],
      [
        0.6081081081081082,
        0.1554054054054054,
        0.020270270270270275,
        0.09729729729729732,
        0.09864864864864867,
        0.020270270270270275
      ],
      [
        0.08002560819462229,
        0.009923175416133164,
        0.009923175416133164,
        0.009923175416133164,
        0.8802816901408452,
        0.009923175416133164
      ],
      [
        0.6206896551724137,
        0.1482758620689655,
        0.020689655172413793,
        0.09310344827586207,
        0.09655172413793102,
        0.020689655172413793
      ],
      [
        0.08002560819462229,
        0.009923175416133164,
        0.009923175416133164,
        0.009923175416133164,
        0.8802816901408452,
        0.009923175416133164
      ],
      [
        0.6081081081081082,
        0.1554054054054054,
        0.020270270270270275,
        0.0972972972972973,
        0.09864864864864867,
        0.020270270270270275
      ],
      [
        0.6428571428571428,
        0.1357142857142857,
        0.02142857142857143,
        0.08571428571428572,
        0.09285714285714286,
        0.02142857142857143
      ],
      [
        0.16005121638924458,
        0.009923175416133164,
        0.009923175416133164,
        0.009923175416133164,
        0.8002560819462229,
        0.009923175416133164
      ],
      [
        0.4615384615384615,
        0.1076923076923077,
        0.2538461538461539,
        0.06923076923076925,
        0.08461538461538462,
        0.023076923076923078
      ],
      [
        0.7200000000000001,
        0.09200000000000001,
        0.024000000000000004,
        0.06000000000000001,
        0.08,
        0.024000000000000004
      ],
      [
        0.08002560819462229,
        0.009923175416133164,
        0.009923175416133164,
        0.009923175416133164,
        0.8802816901408452,
        0.009923175416133164
      ],
      [
        0.75,
        0.075,
        0.025,
        0.05,
        0.075,
        0.025
      ],
      [
        0.75,
        0.075,
        0.025,
        0.05,
        0.075,
        0.025
      ],
      [
        0.7999999999999999,
        0.06,
        0.02,
        0.04,
        0.06,
        0.02
      ],
      [
        0.6,
        0.26,
        0.02,
        0.04,
        0.06,
        0.02
      ],
      [
        0.07387706855791962,
        0.00989952718676123,
        0.00989952718676123,
        0.00989952718676123,
        0.8865248226950355,
        0.00989952718676123
      ],
      [
        0.7999999999999999,
        0.06,
        0.02,
        0.04,
        0.06,
        0.02
      ],
      [
        0.7999999999999999,
        0.06,
        0.02,
        0.04,
        0.06,
        0.02
      ],
      [
        0.75,
        0.075,
        0.025,
        0.05,
        0.075,
        0.025
      ],
      [
        0.75,
        0.075,
        0.025,
        0.05,
        0.075,
        0.025
      ],
      [
        0.75,
        0.075,
        0.025,
        0.05,
        0.075,
        0.025
      ],
      [
        0.75,
        0.075,
        0.025,
        0.05,
        0.075,
        0.025
      ],
      [
        0.08002560819462229,
        0.009923175416133164,
        0.009923175416133164,
        0.009923175416133164,
        0.8802816901408452,
        0.009923175416133164
      ],
      [
        0.75,
        0.075,
        0.025,
        0.05,
        0.075,
        0.025
      ],
      [
        0.08002560819462229,
        0.009923175416133164,
        0.009923175416133164,
        0.009923175416133164,
        0.8802816901408452,
        0.009923175416133164
      ],
      [
        0.75,
        0.075,
        0.025,
        0.05,
        0.075,
        0.025
      ],
      [
        0.75,
        0.075,
        0.025,
        0.05,
        0.075,
        0.025
      ],
      [
        0.9519365375641624,
        0.009612692487167524,
        0.009612692487167524,
        0.009612692487167524,
        0.009612692487167524,
        0.009612692487167524
      ]
    ],
    [
      [
        0.9519365375641624,
        0.009612692487167524,
        0.009612692487167524,
        0.009612692487167524,
        0.009612692487167524,
        0.009612692487167524
      ],
      [
        0.6923076923076923,
        0.1076923076923077,
        0.023076923076923078,
        0.06923076923076925,
        0.08461538461538462,
        0.023076923076923078
      ],
      [
        0.08017960230917254,
        0.0881975625400898,
        0.009942270686337396,
        0.009942270686337396,
        0.8017960230917254,
        0.009942270686337396
      ],
      [
        0.08017960230917254,
        0.0881975625400898,
        0.009942270686337396,
        0.009942270686337396,
        0.8017960230917254,
        0.009942270686337396
      ],
      [
        0.16005121638924458,
        0.009923175416133164,
        0.009923175416133164,
        0.009923175416133164,
        0.8002560819462229,
        0.009923175416133164
      ],
      [
        0.08064516129032258,
        0.6451612903225806,
        0.08064516129032258,
        0.16129032258064516,
        0.016129032258064516,
        0.016129032258064516
      ],
      [
        0.392156862745098,
        0.3627450980392157,
        0.0196078431372549,
        0.10392156862745097,
        0.10196078431372547,
        0.0196078431372549
      ],
      [
        0.375,
        0.36875,
        0.018750000000000003,
        0.11250000000000002,
        0.10625,
        0.018750000000000003
      ],
      [
        0.08002560819462229,
        0.009923175416133164,
        0.009923175416133164,
        0.009923175416133164,
        0.8802816901408452,
        0.009923175416133164
      ],
      [
        0.5357142857142857,
        0.19642857142857142,
        0.01785714285714286,
        0.12142857142857144,
        0.11071428571428571,
        0.01785714285714286
      ],
      [
        0.08002560819462229,
        0.009923175416133164,
        0.009923175416133164,
        0.009923175416133164,
        0.8802816901408452,
        0.009923175416133164
      ],
      [
        0.569620253164557,
        0.17721518987341772,
        0.0189873417721519,
        0.11012658227848103,
        0.10506329113924052,
        0.0189873417721519
      ],
      [
        0.08064516129032258,
        0.6451612903225806,
        0.08064516129032258,
        0.16129032258064516,
        0.016129032258064516,
        0.016129032258064516
      ],
      [
        0.569620253164557,
        0.17721518987341772,
        0.0189873417721519,
        0.110126582278481,
        0.10506329113924051,
        0.0189873417721519
      ],
      [
        0.08017960230917254,
        0.0881975625400898,
        0.009942270686337396,
        0.009942270686337396,
        0.8017960230917254,
        0.009942270686337396
      ],
      [
        0.5696202531645569,
        0.17721518987341772,
        0.018987341772151896,
        0.110126582278481,
        0.1050632911392405,
        0.018987341772151896
      ],
      [
        0.569620253164557,
        0.17721518987341772,
        0.0189873417721519,
        0.11012658227848103,
        0.10506329113924052,
        0.0189873417721519
      ],
      [
        0.08064516129032258,
        0.6451612903225806,
        0.08064516129032258,
        0.16129032258064516,
        0.016129032258064516,
        0.016129032258064516
      ],
      [
        0.6081081081081082,
        0.1554054054054054,
        0.020270270270270275,
        0.0972972972972973,
        0.09864864864864867,
        0.020270270270270275
      ],
      [
        0.08017960230917254,
        0.0881975625400898,
        0.009942270686337396,
        0.009942270686337396,
        0.8017960230917254,
        0.009942270686337396
      ],
      [
        0.6428571428571428,
        0.1357142857142857,
        0.02142857142857143,
        0.08571428571428572,
        0.09285714285714286,
        0.02142857142857143
      ],
      [
        0.6766917293233083,
        0.11654135338345865,
        0.02255639097744361,
        0.07443609022556393,
        0.08721804511278197,
        0.02255639097744361
      ],
      [
        0.703125,
        0.10156249999999999,
        0.0234375,
        0.065625,
        0.0828125,
        0.0234375
      ],
      [
        0.08002560819462229,
        0.009923175416133164,
        0.009923175416133164,
        0.009923175416133164,
        0.8802816901408452,
        0.009923175416133164
      ],
      [
        0.7317073170731707,
        0.08536585365853658,
        0.024390243902439022,
        0.05609756097560975,
        0.07804878048780488,
        0.024390243902439022
      ],
      [
        0.7692307692307692,
        0.07692307692307691,
        0.019230769230769232,
        0.049999999999999996,
        0.06538461538461539,
        0.019230769230769232
      ],
      [
        0.7843137254901962,
        0.06862745098039216,
        0.019607843137254905,
        0.04509803921568628,
        0.06274509803921569,
        0.019607843137254905
      ],
      [
        0.7843137254901962,
        0.06862745098039216,
        0.019607843137254905,
        0.04509803921568628,
        0.06274509803921569,
        0.019607843137254905
      ],
      [
        0.5882352941176471,
        0.26470588235294124,
        0.019607843137254905,
        0.04509803921568628,
        0.06274509803921569,
        0.019607843137254905
      ],
      [
        0.07406310176270182,
        0.08146941193897202,
        0.009924455636202046,
        0.009924455636202046,
        0.8146941193897201,
        0.009924455636202046
      ],
      [
        0.7200000000000001,
        0.09200000000000001,
        0.024000000000000004,
        0.06000000000000001,
        0.08,
        0.024000000000000004
      ],
      [
        0.08002560819462229,
        0.009923175416133164,
        0.009923175416133164,
        0.009923175416133164,
        0.8802816901408452,
        0.009923175416133164
      ],
      [
        0.08002560819462229,
        0.009923175416133164,
        0.009923175416133164,
        0.009923175416133164,
        0.8802816901408452,
        0.009923175416133164
      ],
      [
        0.7317073170731707,
        0.08536585365853658,
        0.024390243902439022,
        0.05609756097560975,
        0.07804878048780488,
        0.024390243902439022
      ],
      [
        0.7317073170731707,
        0.08536585365853658,
        0.024390243902439022,
        0.05609756097560975,
        0.07804878048780488,
        0.024390243902439022
      ],
      [
        0.7317073170731707,
        0.08536585365853658,
        0.024390243902439022,
        0.05609756097560975,
        0.07804878048780488,
        0.024390243902439022
      ],
      [
        0.5,
        0.325,
        0.025,
        0.05,
        0.075,
        0.025
      ],
      [
        0.75,
        0.075,
        0.025,
        0.05,
        0.075,
        0.025
      ],
      [
        0.75,
        0.075,
        0.025,
        0.05,
        0.075,
        0.025
      ],
      [
        0.9519365375641624,
        0.009612692487167524,
        0.009612692487167524,
        0.009612692487167524,
        0.009612692487167524,
        0.009612692487167524
      ]
    ],
    [
      [
        0.9519365375641624,
        0.009612692487167524,
        0.009612692487167524,
        0.009612692487167524,
        0.009612692487167524,
        0.009612692487167524
      ],
      [
        0.08017960230917255,
        0.009942270686337398,
        0.08819756254008983,
        0.009942270686337398,
        0.8017960230917256,
        0.009942270686337398
      ],
      [
        0.08017960230917254,
        0.0881975625400898,
        0.009942270686337396,
        0.009942270686337396,
        0.8017960230917254,
        0.009942270686337396
      ],
      [
        0.425531914893617,
        0.35106382978723405,
        0.02127659574468085,
        0.08723404255319149,
        0.09361702127659575,
        0.02127659574468085
      ],
      [
        0.5960264900662252,
        0.16225165562913907,
        0.019867549668874173,
        0.10132450331125828,
        0.10066225165562916,
        0.019867549668874173
      ],
      [
        0.08017960230917254,
        0.0881975625400898,
        0.009942270686337396,
        0.009942270686337396,
        0.8017960230917254,
        0.009942270686337396
      ],
      [
        0.379746835443038,
        0.3670886075949367,
        0.0189873417721519,
        0.11012658227848103,
        0.10506329113924051,
        0.0189873417721519
      ],
      [
        0.08002560819462229,
        0.009923175416133164,
        0.009923175416133164,
        0.009923175416133164,
        0.8802816901408452,
        0.009923175416133164
      ],
      [
        0.08002560819462229,
        0.009923175416133164,
        0.009923175416133164,
        0.009923175416133164,
        0.8802816901408452,
        0.009923175416133164
      ],
      [
        0.5421686746987951,
        0.19277108433734938,
        0.018072289156626505,
        0.11927710843373494,
        0.10963855421686747,
        0.018072289156626505
      ],
      [
        0.37267080745341613,
        0.3695652173913043,
        0.018633540372670808,
        0.11366459627329191,
        0.10683229813664595,
        0.018633540372670808
      ],
      [
        0.569620253164557,
        0.17721518987341772,
        0.0189873417721519,
        0.11012658227848103,
        0.10506329113924052,
        0.0189873417721519
      ],
      [
        0.5590062111801242,
        0.18322981366459626,
        0.018633540372670808,
        0.11366459627329192,
        0.10683229813664596,
        0.018633540372670808
      ],
      [
        0.4,
        0.16,
        0.02,
        0.3,
        0.1,
        0.02
      ],
      [
        0.6081081081081082,
        0.1554054054054054,
        0.020270270270270275,
        0.0972972972972973,
        0.09864864864864867,
        0.020270270270270275
      ],
      [
        0.6081081081081082,
        0.15540540540540543,
        0.020270270270270275,
        0.09729729729729733,
        0.09864864864864867,
        0.020270270270270275
      ],
      [
        0.6081081081081082,
        0.1554054054054054,
        0.020270270270270275,
        0.09729729729729732,
        0.09864864864864867,
        0.020270270270270275
      ],
      [
        0.5960264900662252,
        0.16225165562913907,
        0.019867549668874173,
        0.10132450331125828,
        0.10066225165562916,
        0.019867549668874173
      ],
      [
        0.6293706293706295,
        0.1433566433566434,
        0.020979020979020983,
        0.09020979020979024,
        0.09510489510489513,
        0.020979020979020983
      ],
      [
        0.41958041958041964,
        0.35314685314685323,
        0.020979020979020983,
        0.09020979020979024,
        0.09510489510489513,
        0.020979020979020983
      ],
      [
        0.08017960230917254,
        0.0881975625400898,
        0.009942270686337396,
        0.009942270686337396,
        0.8017960230917254,
        0.009942270686337396
      ],
      [
        0.45112781954887216,
        0.34210526315789475,
        0.02255639097744361,
        0.07443609022556391,
        0.08721804511278196,
        0.02255639097744361
      ],
      [
        0.6976744186046512,
        0.10465116279069767,
        0.023255813953488375,
        0.06744186046511629,
        0.08372093023255815,
        0.023255813953488375
      ],
      [
        0.7142857142857143,
        0.09523809523809522,
        0.023809523809523808,
        0.06190476190476191,
        0.08095238095238096,
        0.023809523809523808
      ],
      [
        0.703125,
        0.10156249999999999,
        0.0234375,
        0.065625,
        0.0828125,
        0.0234375
      ],
      [
        0.5660377358490566,
        0.08490566037735849,
        0.01886792452830189,
        0.05471698113207548,
        0.2566037735849057,
        0.01886792452830189
      ],
      [
        0.7692307692307692,
        0.07692307692307691,
        0.019230769230769232,
        0.049999999999999996,
        0.06538461538461539,
        0.019230769230769232
      ],
      [
        0.07387706855791962,
        0.00989952718676123,
        0.00989952718676123,
        0.00989952718676123,
        0.8865248226950355,
        0.00989952718676123
      ],
      [
        0.7692307692307692,
        0.07692307692307691,
        0.019230769230769232,
        0.049999999999999996,
        0.06538461538461539,
        0.019230769230769232
      ],
      [
        0.07387706855791962,
        0.00989952718676123,
        0.00989952718676123,
        0.00989952718676123,
        0.8865248226950355,
        0.00989952718676123
      ],
      [
        0.6923076923076923,
        0.1076923076923077,
        0.023076923076923078,
        0.06923076923076925,
        0.08461538461538462,
        0.023076923076923078
      ],
      [
        0.7200000000000001,
        0.09200000000000001,
        0.024000000000000004,
        0.06000000000000001,
        0.08,
        0.024000000000000004
      ],
      [
        0.08002560819462229,
        0.009923175416133164,
        0.009923175416133164,
        0.009923175416133164,
        0.8802816901408452,
        0.009923175416133164
      ],
      [
        0.7317073170731707,
        0.08536585365853658,
        0.024390243902439022,
        0.05609756097560975,
        0.07804878048780488,
        0.024390243902439022
      ],
      [
        0.4878048780487804,
        0.32926829268292684,
        0.024390243902439022,
        0.05609756097560975,
        0.07804878048780488,
        0.024390243902439022
      ],
      [
        0.4878048780487804,
        0.32926829268292684,
        0.024390243902439022,
        0.05609756097560975,
        0.07804878048780488,
        0.024390243902439022
      ],
      [
        0.75,
        0.075,
        0.025,
        0.05,
        0.075,
        0.025
      ],
      [
        0.75,
        0.075,
        0.025,
        0.05,
        0.075,
        0.025
      ],
      [
        0.08017960230917255,
        0.009942270686337398,
        0.08819756254008983,
        0.009942270686337398,
        0.8017960230917256,
        0.009942270686337398
      ],
      [
        0.9519365375641624,
        0.009612692487167524,
        0.009612692487167524,
        0.009612692487167524,
        0.009612692487167524,
        0.009612692487167524
      ]
    ],
    [
      [
        0.9519365375641624,
        0.009612692487167524,
        0.009612692487167524,
        0.009612692487167524,
        0.009612692487167524,
        0.009612692487167524
      ],
      [
        0.7142857142857143,
        0.09523809523809522,
        0.023809523809523808,
        0.06190476190476191,
        0.08095238095238096,
        0.023809523809523808
      ],
      [
        0.45801526717557245,
        0.33969465648854963,
        0.022900763358778626,
        0.07099236641221375,
        0.08549618320610687,
        0.022900763358778626
      ],
      [
        0.6521739130434783,
        0.13043478260869568,
        0.02173913043478261,
        0.08260869565217394,
        0.09130434782608697,
        0.02173913043478261
      ],
      [
        0.392156862745098,
        0.3627450980392157,
        0.0196078431372549,
        0.10392156862745097,
        0.10196078431372547,
        0.0196078431372549
      ],
      [
        0.375,
        0.36875,
        0.018750000000000003,
        0.11250000000000002,
        0.10625,
        0.018750000000000003
      ],
      [
        0.3614457831325301,
        0.3734939759036145,
        0.018072289156626505,
        0.11927710843373494,
        0.10963855421686747,
        0.018072289156626505
      ],
      [
        0.5172413793103448,
        0.2068965517241379,
        0.017241379310344824,
        0.12758620689655173,
        0.11379310344827587,
        0.017241379310344824
      ],
      [
        0.5325443786982249,
        0.19822485207100599,
        0.017751479289940832,
        0.12248520710059173,
        0.11124260355029587,
        0.017751479289940832
      ],
      [
        0.08064516129032258,
        0.6451612903225806,
        0.08064516129032258,
        0.16129032258064516,
        0.016129032258064516,
        0.016129032258064516
      ],
      [
        0.5487804878048781,
        0.1890243902439025,
        0.01829268292682927,
        0.11707317073170734,
        0.10853658536585369,
        0.01829268292682927
      ],
      [
        0.3680981595092025,
        0.18711656441717792,
        0.018404907975460127,
        0.1159509202453988,
        0.29202453987730065,
        0.018404907975460127
      ],
      [
        0.16005121638924458,
        0.009923175416133164,
        0.009923175416133164,
        0.009923175416133164,
        0.8002560819462229,
        0.009923175416133164
      ],
      [
        0.3896103896103897,
        0.36363636363636376,
        0.019480519480519487,
        0.10519480519480523,
        0.10259740259740263,
        0.019480519480519487
      ],
      [
        0.4109589041095891,
        0.35616438356164387,
        0.020547945205479454,
        0.09452054794520548,
        0.09726027397260276,
        0.020547945205479454
      ],
      [
        0.625,
        0.14583333333333334,
        0.020833333333333336,
        0.09166666666666669,
        0.09583333333333335,
        0.020833333333333336
      ],
      [
        0.6122448979591836,
        0.1530612244897959,
        0.02040816326530612,
        0.09591836734693879,
        0.0979591836734694,
        0.02040816326530612
      ],
      [
        0.3973509933774835,
        0.3609271523178808,
        0.019867549668874173,
        0.10132450331125828,
        0.10066225165562916,
        0.019867549668874173
      ],
      [
        0.41958041958041964,
        0.35314685314685323,
        0.020979020979020983,
        0.09020979020979024,
        0.09510489510489513,
        0.020979020979020983
      ],
      [
        0.6164383561643836,
        0.15068493150684933,
        0.020547945205479454,
        0.09452054794520548,
        0.09726027397260276,
        0.020547945205479454
      ],
      [
        0.6164383561643836,
        0.1506849315068493,
        0.020547945205479454,
        0.09452054794520551,
        0.09726027397260277,
        0.020547945205479454
      ],
      [
        0.08002560819462229,
        0.009923175416133164,
        0.009923175416133164,
        0.009923175416133164,
        0.8802816901408452,
        0.009923175416133164
      ],
      [
        0.6716417910447763,
        0.11940298507462689,
        0.022388059701492543,
        0.07611940298507464,
        0.08805970149253733,
        0.022388059701492543
      ],
      [
        0.08002560819462229,
        0.009923175416133164,
        0.009923175416133164,
        0.009923175416133164,
        0.8802816901408452,
        0.009923175416133164
      ],
      [
        0.6617647058823529,
        0.12500000000000003,
        0.022058823529411766,
        0.07941176470588238,
        0.08970588235294119,
        0.022058823529411766
      ],
      [
        0.7317073170731707,
        0.09756097560975609,
        0.018292682926829267,
        0.06219512195121952,
        0.07195121951219513,
        0.018292682926829267
      ],
      [
        0.7547169811320755,
        0.08490566037735849,
        0.01886792452830189,
        0.05471698113207548,
        0.0679245283018868,
        0.01886792452830189
      ],
      [
        0.07406310176270182,
        0.08146941193897202,
        0.009924455636202046,
        0.009924455636202046,
        0.8146941193897201,
        0.009924455636202046
      ],
      [
        0.07406310176270182,
        0.08146941193897202,
        0.009924455636202046,
        0.009924455636202046,
        0.8146941193897201,
        0.009924455636202046
      ],
      [
        0.5421686746987951,
        0.28313253012048195,
        0.01807228915662651,
        0.06506024096385542,
        0.07349397590361448,
        0.01807228915662651
      ],
      [
        0.6521739130434783,
        0.13043478260869568,
        0.02173913043478261,
        0.08260869565217392,
        0.09130434782608697,
        0.02173913043478261
      ],
      [
        0.08002560819462229,
        0.009923175416133164,
        0.009923175416133164,
        0.009923175416133164,
        0.8802816901408452,
        0.009923175416133164
      ],
      [
        0.703125,
        0.10156249999999999,
        0.0234375,
        0.065625,
        0.0828125,
        0.0234375
      ],
      [
        0.08002560819462229,
        0.009923175416133164,
        0.009923175416133164,
        0.009923175416133164,
        0.8802816901408452,
        0.009923175416133164
      ],
      [
        0.08002560819462229,
        0.009923175416133164,
        0.009923175416133164,
        0.009923175416133164,
        0.8802816901408452,
        0.009923175416133164
      ],
      [
        0.4878048780487804,
        0.32926829268292684,
        0.024390243902439022,
        0.05609756097560975,
        0.07804878048780488,
        0.024390243902439022
      ],
      [
        0.75,
        0.075,
        0.025,
        0.05,
        0.075,
        0.025
      ],
      [
        0.75,
        0.075,
        0.025,
        0.05,
        0.075,
        0.025
      ],
      [
        0.75,
        0.075,
        0.025,
        0.05,
        0.075,
        0.025
      ],
      [
        0.9519365375641624,
        0.009612692487167524,
        0.009612692487167524,
        0.009612692487167524,
        0.009612692487167524,
        0.009612692487167524
      ]
    ],
    [
      [
        0.9519365375641624,
        0.009612692487167524,
        0.009612692487167524,
        0.009612692487167524,
        0.009612692487167524,
        0.009612692487167524
      ],
      [
        0.7142857142857143,
        0.09523809523809522,
        0.023809523809523808,
        0.06190476190476191,
        0.08095238095238096,
        0.023809523809523808
      ],
      [
        0.45801526717557245,
        0.33969465648854963,
        0.022900763358778626,
        0.07099236641221374,
        0.08549618320610687,
        0.022900763358778626
      ],
      [
        0.08017960230917254,
        0.0881975625400898,
        0.009942270686337396,
        0.009942270686337396,
        0.8017960230917254,
        0.009942270686337396
      ],
      [
        0.3921568627450981,
        0.16666666666666669,
        0.019607843137254905,
        0.103921568627451,
        0.29803921568627456,
        0.019607843137254905
      ],
      [
        0.5625,
        0.18125000000000002,
        0.018750000000000003,
        0.11249999999999999,
        0.10625,
        0.018750000000000003
      ],
      [
        0.08002560819462229,
        0.009923175416133164,
        0.009923175416133164,
        0.009923175416133164,
        0.8802816901408452,
        0.009923175416133164
      ],
      [
        0.5325443786982249,
        0.19822485207100593,
        0.017751479289940832,
        0.12248520710059173,
        0.11124260355029587,
        0.017751479289940832
      ],
      [
        0.08017960230917254,
        0.0881975625400898,
        0.009942270686337396,
        0.009942270686337396,
        0.8017960230917254,
        0.009942270686337396
      ],
      [
        0.35928143712574845,
        0.37425149700598803,
        0.017964071856287425,
        0.12035928143712575,
        0.11017964071856289,
        0.017964071856287425
      ],
      [
        0.08002560819462229,
        0.009923175416133164,
        0.009923175416133164,
        0.009923175416133164,
        0.8802816901408452,
        0.009923175416133164
      ],
      [
        0.08002560819462229,
        0.009923175416133164,
        0.009923175416133164,
        0.009923175416133164,
        0.8802816901408452,
        0.009923175416133164
      ],
      [
        0.5660377358490566,
        0.1792452830188679,
        0.01886792452830189,
        0.11132075471698114,
        0.10566037735849057,
        0.01886792452830189
      ],
      [
        0.625,
        0.14583333333333334,
        0.020833333333333336,
        0.09166666666666669,
        0.09583333333333335,
        0.020833333333333336
      ],
      [
        0.08017960230917254,
        0.0881975625400898,
        0.009942270686337396,
        0.009942270686337396,
        0.8017960230917254,
        0.009942270686337396
      ],
      [
        0.6569343065693432,
        0.12773722627737225,
        0.021897810218978107,
        0.08102189781021898,
        0.09051094890510951,
        0.021897810218978107
      ],
      [
        0.625,
        0.14583333333333334,
        0.020833333333333336,
        0.09166666666666669,
        0.09583333333333335,
        0.020833333333333336
      ],
      [
        0.08002560819462229,
        0.009923175416133164,
        0.009923175416133164,
        0.009923175416133164,
        0.8802816901408452,
        0.009923175416133164
      ],
      [
        0.16005121638924458,
        0.009923175416133164,
        0.009923175416133164,
        0.009923175416133164,
        0.8002560819462229,
        0.009923175416133164
      ],
      [
        0.4109589041095891,
        0.3561643835616438,
        0.020547945205479454,
        0.0945205479452055,
        0.09726027397260276,
        0.020547945205479454
      ],
      [
        0.6040268456375839,
